0, 0, 0, 0, 0, 1, 2, 2, 3, 3, 7, 4, 10, 8, 12, 21, 35, 34, 40, 39, 63, 58, 55, 55, 61, 57, 73, 68, 70, 63, 70, 99, 88, 89, 106, 103, 106, 110, 126, 139, 144, 141, 167, 173, 209, 210, 217, 242, 282, 318, 304, 314, 325, 359, 408, 420, 445, 444, 486, 452, 544, 569, 555, 608, 645, 716, 746, 810, 839, 878, 1005, 1025, 1008, 1016, 1160, 1200, 1339, 1306, 1475, 1444, 1511, 1679, 1756, 1776, 1806, 1861, 1949, 1965, 2079, 2099, 2177, 2199, 2170, 2257, 2245, 2325, 2378, 2496, 2561, 2618, 2602, 2669, 2748, 2789, 2860, 2818, 2940, 3008, 3097, 3019, 3085, 3281, 3346, 3362, 3410, 3594, 3624, 3757, 3813, 3854, 3983, 4068, 4430, 4406, 4426, 4502, 4713, 4704, 4832, 5027, 5158, 5156, 5279, 5402, 5523, 5669, 5574, 5822, 5740, 5861, 5772, 6035, 6081, 6321, 6285, 6378, 6473, 6654, 6700, 6855, 6753, 6923, 7096, 7161, 7220, 7204, 7359, 7478, 7454, 7533, 7489, 7688, 7571, 7707, 7520, 7542, 7817, 7623, 7691, 7779, 7629, 7603, 7617, 7300, 7254, 7318, 7306, 7092, 6882, 6878, 6735, 6751, 6669, 6658, 6522, 6303, 6098, 6044, 6129, 6010, 5912, 5833, 5726, 5609, 5556, 5584, 5488, 5397, 5107, 5320, 5150, 5062, 4959, 4801, 4908, 4628, 4755, 4606, 4532, 4505, 4459, 4442, 4347, 4191, 4288, 4288, 4050, 4227, 4186, 4232, 4115, 4170, 4092, 4072, 3971, 4093, 4017, 3911, 4108, 3892, 3910, 3852, 3975, 3825, 3857, 3920, 3765, 3710, 3636, 3646, 3658, 3669, 3642, 3498, 3531, 3502, 3361, 3384, 3421, 3275, 3290, 3261, 3300, 3148, 3220, 3116, 3131, 3191, 3081, 3035, 3117, 3098, 3045, 2994, 3109, 2924, 2964, 2938, 2876, 3070, 2985, 2989, 2841, 2926, 2892, 2885, 2790, 2707, 2767, 2679, 2600, 2570, 2539, 2696, 2550, 2546, 2448, 2313, 2351, 2282, 2258, 2268, 2190, 2121, 2025, 2021, 1907, 1990, 1858, 1789, 1740, 1693, 1626, 1667, 1613, 1619, 1509, 1449, 1453, 1415, 1483, 1381, 1389, 1299, 1365, 1272, 1339, 1307, 1358, 1274, 1334, 1249, 1353, 1317, 1331, 1300, 1290, 1353, 1412, 1332, 1415, 1399, 1343, 1426, 1478, 1327, 1404, 1367, 1406, 1384, 1497, 1451, 1464, 1400, 1458, 1489, 1538, 1596, 1673, 1668, 1704, 1801, 1840, 1833, 1979, 1957, 1932, 1993, 2000, 1948, 2003, 1907, 1922, 2009, 1828, 1781, 1552, 1519, 1377, 1304, 1150, 903, 846, 682, 524, 418, 334, 242, 194, 168, 128, 115, 90, 60, 46, 40, 38, 23, 19, 19, 16, 7, 12, 4, 0, 5, 1, 0, 1, 2, 2, 4, 2, 0, 1, 5, 2, 2, 1, 1, 4, 1, 2, 0, 5, 1, 0, 2, 4, 0, 0, 1, 1, 0, 0, 1, 0, 1, 0, 0, 0, 0, 0, 0, 0, 0, 0, 0, 0, 0, 0, 0, 0, 0, 0, 0, 0, 0, 0, 0, 0, 0, 0, 0, 0, 0, 0, 0, 0, 0, 0, 0, 0, 0, 0, 0, 0, 0, 0, 0, 0, 0, 0, 0, 0, 0, 0, 0, 0, 0, 0, 0, 0, 0, 0, 0, 0, 0, 0, 0, 0, 0, 0, 0, 0, 0, 0, 0, 0, 0, 0, 0, 0, 0, 0, 0, 0, 0, 0, 0, 0
,  0
 ,  0
 ,  0
 ,  0
 ,  0
 ,  0
 ,  0
 ,  0
 ,  0
 ,  0
 ,  0
 ,  0
 ,  0
 ,  0
 ,  0
 ,  0
 ,  0
 ,  0
 ,  0
 ,  0
 ,  0
 ,  0
 ,  0
 ,  0
 ,  0
 ,  0
 ,  0
 ,  0
 ,  0
 ,  0
 ,  0
 ,  0
 ,  0
 ,  0
 ,  0
 ,  0
 ,  0
 ,  0
 ,  0
 ,  0
 ,  0
 ,  0
 ,  0
 ,  0
 ,  0
 ,  0
 ,  0
 ,  0
 ,  0
 ,  0
 ,  0
 ,  0
 ,  0
 ,  0
 ,  0
 ,  0
 ,  0
 ,  0
 ,  0
 ,  0
 ,  0
 ,  0
 ,  0
 ,  0
 ,  0
 ,  0
 ,  0
 ,  0
 ,  0
 ,  0
 ,  0
 ,  0
 ,  0
 ,  0
 ,  0
 ,  0
 ,  0
 ,  0
 ,  0
 ,  0
 ,  0
 ,  0
 ,  0
 ,  0
 ,  0
 ,  0
 ,  0
 ,  0
 ,  0
 ,  0
 ,  0
 ,  0
 ,  0
 ,  0
 ,  0
 ,  0
 ,  0
 ,  0
 ,  0
 ,  0
 ,  0
 ,  0
 ,  0
 ,  0
 ,  0
 ,  0
 ,  0
 ,  0
 ,  0
 ,  0
 ,  0
 ,  0
 ,  0
 ,  0
 ,  0
 ,  0
 ,  0
 ,  0
 ,  0
 ,  0
 ,  0
 ,  0
 ,  0
 ,  0
 ,  0
 ,  0
 ,  1
 ,  0
 ,  1
 ,  0
 ,  0
 ,  0
 ,  0
 ,  0
 ,  0
 ,  0
 ,  1
 ,  0
 ,  0
 ,  1
 ,  2
 ,  3
 ,  1
 ,  3
 ,  3
 ,  4
 ,  2
 ,  3
 ,  4
 ,  3
 ,  4
 ,  3
 ,  3
 ,  8
 ,  8
 ,  12
 ,  10
 ,  7
 ,  4
 ,  5
 ,  7
 ,  9
 ,  11
 ,  11
 ,  11
 ,  11
 ,  11
 ,  11
 ,  14
 ,  13
 ,  11
 ,  10
 ,  15
 ,  18
 ,  19
 ,  15
 ,  15
 ,  17
 ,  13
 ,  22
 ,  21
 ,  22
 ,  13
 ,  19
 ,  24
 ,  19
 ,  24
 ,  26
 ,  33
 ,  27
 ,  27
 ,  44
 ,  39
 ,  45
 ,  45
 ,  38
 ,  49
 ,  47
 ,  44
 ,  40
 ,  54
 ,  56
 ,  87
 ,  63
 ,  67
 ,  78
 ,  94
 ,  96
 ,  99
 ,  92
 ,  94
 ,  108
 ,  126
 ,  134
 ,  159
 ,  135
 ,  166
 ,  176
 ,  206
 ,  231
 ,  271
 ,  313
 ,  298
 ,  341
 ,  356
 ,  425
 ,  454
 ,  549
 ,  665
 ,  692
 ,  790
 ,  916
 ,  1097
 ,  1310
 ,  1454
 ,  1706
 ,  2134
 ,  2563
 ,  2991
 ,  3687
 ,  4522
 ,  5228
 ,  6530
 ,  8114
 ,  10132
 ,  12943
 ,  16249
 ,  20511
 ,  25842
 ,  33301
 ,  42201
 ,  52819
 ,  64737
 ,  77955
 ,  89020
 ,  93924
 ,  89170
 ,  78148
 ,  65802
 ,  53691
 ,  42669
 ,  33716
 ,  26607
 ,  20619
 ,  16456
 ,  12758
 ,  10495
 ,  8284
 ,  6565
 ,  5454
 ,  4346
 ,  3598
 ,  3072
 ,  2513
 ,  2061
 ,  1761
 ,  1544
 ,  1298
 ,  1044
 ,  984
 ,  801
 ,  715
 ,  570
 ,  503
 ,  501
 ,  430
 ,  369
 ,  322
 ,  321
 ,  291
 ,  230
 ,  233
 ,  234
 ,  211
 ,  158
 ,  161
 ,  124
 ,  144
 ,  117
 ,  111
 ,  90
 ,  109
 ,  86
 ,  100
 ,  70
 ,  54
 ,  68
 ,  49
 ,  59
 ,  46
 ,  42
 ,  45
 ,  42
 ,  32
 ,  37
 ,  27
 ,  34
 ,  30
 ,  21
 ,  27
 ,  23
 ,  25
 ,  22
 ,  18
 ,  20
 ,  23
 ,  14
 ,  11
 ,  14
 ,  9
 ,  8
 ,  11
 ,  11
 ,  9
 ,  9
 ,  11
 ,  13
 ,  6
 ,  8
 ,  7
 ,  4
 ,  10
 ,  9
 ,  6
 ,  5
 ,  9
 ,  3
 ,  3
 ,  7
 ,  2
 ,  2
 ,  1
 ,  3
 ,  3
 ,  2
 ,  1
 ,  1
 ,  1
 ,  2
 ,  1
 ,  1
 ,  0
 ,  1
 ,  0
 ,  0
 ,  1
 ,  0
 ,  0
 ,  1
 ,  0
 ,  0
 ,  0
 ,  0
 ,  0
 ,  0
 ,  0
 ,  0
 ,  0
 ,  0
 ,  0
 ,  0
 ,  0
 ,  0
 ,  0
 ,  0
 ,  0
 ,  0
 ,  0
 ,  0
 ,  0
 ,  0
 ,  0
 ,  0
 ,  0
 ,  0
 ,  0
 ,  0
 ,  0
 ,  0
 ,  0
 ,  0
 ,  0
 ,  0
 ,  0
 ,  0
 ,  0
 ,  0
 ,  0
 ,  0
 ,  0
 ,  0
 ,  0
 ,  0
 ,  0
 ,  0
 ,  0
 ,  0
 ,  0
 ,  0
 ,  0
 ,  0
 ,  0
 ,  0
 ,  0
 ,  0
 ,  0
 ,  0
 ,  0
 ,  0
 ,  0
 ,  0
 ,  0
 ,  0
 ,  0
 ,  0
 ,  0
 ,  0
 ,  0
 ,  0
 ,  0
 ,  0
 ,  0
 ,  0
 ,  0
 ,  0
 ,  0
 ,  0
 ,  0
 ,  0
 ,  0
 ,  0
 ,  0
 ,  0
 ,  0
 ,  0
 ,  0
 ,  0
 ,  0
 ,  0
 ,  0
 ,  0
 ,  0
 ,  0
 ,  0
 ,  0
 ,  0
 ,  0
 ,  0
 ,  0
 ,  0
 ,  0
 ,  0
 ,  0
 ,  0
 ,  0
 ,  0
 ,  0
 ,  0
 ,  0
 ,  0
 ,  0
 ,  0
 ,  0
 ,  0
 ,  0
 ,  0
 ,  0
 ,  0
 ,  0
 ,  0
 ,  0
 ,  0
 ,  0
 ,  0
 ,  0
 ,  0
 ,  0
 ,  0
 ,  0
 ,  0
 ,  0
 ,  0
 ,  0
 ,  0
 ,  0
 ,  0
 ,  0
 ,  0
 ,  0
 ,  0
 ,  0
