Grafo con 100 nodos de 2 dimensiones
[
616.069	338.816	
60.5004	985.149	
208.965	983.775	
951.798	211.664	
572.62	391.53	
395.312	110.499	
683.75	355.798	
31.3163	884.171	
993.091	132.792	
474.763	168.513	
987.491	908.209	
188.719	494.871	
901.911	81.031	
819.016	285.653	
557.49	84.2763	
484.039	316.83	
951.394	115.132	
50.9399	558.376	
149.69	197.119	
114.722	144.827	
548.628	631.517	
998.151	920.601	
731.03	252.692	
175.897	517.584	
484.629	679.991	
568.228	295.362	
532.112	496.603	
872.081	876.01	
151.424	628.096	
606.016	214.022	
380.894	751.244	
743.942	868.72	
291.395	521.339	
499.412	386.811	
768.257	841.054	
606.591	260.943	
536.707	262.149	
18.238	585.471	
712.97	147.773	
145.949	566.055	
398.929	76.2112	
225.421	520.844	
95.8513	428.667	
403.471	41.3182	
483.391	703.749	
424.647	795.724	
478.853	440.51	
193.419	361.015	
871.785	866.168	
934.893	314.258	
610.099	788.632	
615.523	632.016	
780.544	598.387	
290.814	568.982	
856.437	209.917	
874.558	655.876	
426.228	430.02	
495.891	871.321	
442.332	465.62	
659.945	934.944	
16.6847	429.264	
459.702	326.157	
685.453	405.514	
418.685	714.034	
581.029	358.776	
825.781	829.441	
221.091	397.506	
26.7108	385.888	
475.179	982.437	
805.545	31.6588	
414.925	875.024	
355.434	52.037	
825.192	837.611	
158.123	515.548	
676.396	286.088	
680.802	906.172	
483.544	939.968	
115.904	675.946	
458.017	883.414	
967.319	387.533	
328.611	851.117	
567.089	661.919	
101.67	330.269	
421.311	367.686	
565.22	300.871	
929.123	731.087	
512.155	611.85	
887.842	670.641	
56.3278	698.078	
13.4259	503.494	
91.7862	830.607	
847.523	886.54	
901.726	331.147	
722.316	578.963	
157.207	32.8256	
32.9119	949.558	
708.217	764.258	
418.51	52.084	
966.636	945.608	
739.959	772.061	
]
0	852.293	762.696	359.001	68.3126	317.589	69.7782	799.592	429.642	221.294	679.825	454.952	384.914	209.795	261.194	133.848	403.085	606.282	487.43	537.569	300.37	696.031	143.644	475.088	365.618	64.6307	178.732	595.079	547.337	125.199	474.768	545.114	372.461	126.144	524.79	78.4482	110.346	646.715	214.213	522.16	340.751	430.976	527.92	365.654	388.303	495.386	170.792	423.233	586.081	319.768	449.855	293.2	307.293	398.456	272.749	409.076	210.612	545.897	215.09	597.74	606.17	156.878	96.2433	423.968	40.3255	533.564	399.315	591.235	658.86	360.897	572.693	387.522	540.858	490.865	80.1226	571.036	615.586	603.176	567.069	354.612	587.438	326.794	514.471	196.886	63.4468	501.876	292.139	428.915	665.116	624.738	718.839	594.619	285.76	262.6	551.53	844.439	435.306	348.203	700.78	450.61	
703.092	852.293	762.696	359.001	68.3126	317.589	69.7782	799.592	429.642	221.294	679.825	454.952	384.914	209.795	261.194	133.848	403.085	606.282	487.43	537.569	300.37	696.031	143.644	475.088	365.618	64.6307	178.732	595.079	547.337	125.199	474.768	545.114	372.461	126.144	524.79	78.4482	110.346	646.715	214.213	522.16	340.751	430.976	527.92	365.654	388.303	495.386	170.792	423.233	586.081	319.768	449.855	293.2	307.293	398.456	272.749	409.076	210.612	545.897	215.09	597.74	606.17	156.878	96.2433	423.968	40.3255	533.564	399.315	591.235	658.86	360.897	572.693	387.522	540.858	490.865	80.1226	571.036	615.586	603.176	567.069	354.612	587.438	326.794	514.471	196.886	63.4468	501.876	292.139	428.915	665.116	624.738	718.839	594.619	285.76	262.6	551.53	844.439	435.306	348.203	700.78	450.61	
0	852.293	762.696	359.001	68.3126	317.589	69.7782	799.592	429.642	221.294	679.825	454.952	384.914	209.795	261.194	133.848	403.085	606.282	487.43	537.569	300.37	696.031	143.644	475.088	365.618	64.6307	178.732	595.079	547.337	125.199	474.768	545.114	372.461	126.144	524.79	78.4482	110.346	646.715	214.213	522.16	340.751	430.976	527.92	365.654	388.303	495.386	170.792	423.233	586.081	319.768	449.855	293.2	307.293	398.456	272.749	409.076	210.612	545.897	215.09	597.74	606.17	156.878	96.2433	423.968	40.3255	533.564	399.315	591.235	658.86	360.897	572.693	387.522	540.858	490.865	80.1226	571.036	615.586	603.176	567.069	354.612	587.438	326.794	514.471	196.886	63.4468	501.876	292.139	428.915	665.116	624.738	718.839	594.619	285.76	262.6	551.53	844.439	435.306	348.203	700.78	450.61	
0	852.293	762.696	359.001	68.3126	317.589	69.7782	799.592	429.642	221.294	679.825	454.952	384.914	209.795	261.194	133.848	403.085	606.282	487.43	537.569	300.37	696.031	143.644	475.088	365.618	64.6307	178.732	595.079	547.337	125.199	474.768	545.114	372.461	126.144	524.79	78.4482	110.346	646.715	214.213	522.16	340.751	430.976	527.92	365.654	388.303	495.386	170.792	423.233	586.081	319.768	449.855	293.2	307.293	398.456	272.749	409.076	210.612	545.897	215.09	597.74	606.17	156.878	96.2433	423.968	40.3255	533.564	399.315	591.235	658.86	360.897	572.693	387.522	540.858	490.865	80.1226	571.036	615.586	603.176	567.069	354.612	587.438	326.794	514.471	196.886	63.4468	501.876	292.139	428.915	665.116	624.738	718.839	594.619	285.76	262.6	551.53	844.439	435.306	348.203	700.78	450.61	
0	852.293	762.696	359.001	68.3126	317.589	69.7782	799.592	429.642	221.294	679.825	454.952	384.914	209.795	261.194	133.848	403.085	606.282	487.43	537.569	300.37	696.031	143.644	475.088	365.618	64.6307	178.732	595.079	547.337	125.199	474.768	545.114	372.461	126.144	524.79	78.4482	110.346	646.715	214.213	522.16	340.751	430.976	527.92	365.654	388.303	495.386	170.792	423.233	586.081	319.768	449.855	293.2	307.293	398.456	272.749	409.076	210.612	545.897	215.09	597.74	606.17	156.878	96.2433	423.968	40.3255	533.564	399.315	591.235	658.86	360.897	572.693	387.522	540.858	490.865	80.1226	571.036	615.586	603.176	567.069	354.612	587.438	326.794	514.471	196.886	63.4468	501.876	292.139	428.915	665.116	624.738	718.839	594.619	285.76	262.6	551.53	844.439	435.306	348.203	700.78	450.61	
0	852.293	762.696	359.001	68.3126	317.589	69.7782	799.592	429.642	221.294	679.825	454.952	384.914	209.795	261.194	133.848	403.085	606.282	487.43	537.569	300.37	696.031	143.644	475.088	365.618	64.6307	178.732	595.079	547.337	125.199	474.768	545.114	372.461	126.144	524.79	78.4482	110.346	646.715	214.213	522.16	340.751	430.976	527.92	365.654	388.303	495.386	170.792	423.233	586.081	319.768	449.855	293.2	307.293	398.456	272.749	409.076	210.612	545.897	215.09	597.74	606.17	156.878	96.2433	423.968	40.3255	533.564	399.315	591.235	658.86	360.897	572.693	387.522	540.858	490.865	80.1226	571.036	615.586	603.176	567.069	354.612	587.438	326.794	514.471	196.886	63.4468	501.876	292.139	428.915	665.116	624.738	718.839	594.619	285.76	262.6	551.53	844.439	435.306	348.203	700.78	450.61	
0	852.293	762.696	359.001	68.3126	317.589	69.7782	799.592	429.642	221.294	679.825	454.952	384.914	209.795	261.194	133.848	403.085	606.282	487.43	537.569	300.37	696.031	143.644	475.088	365.618	64.6307	178.732	595.079	547.337	125.199	474.768	545.114	372.461	126.144	524.79	78.4482	110.346	646.715	214.213	522.16	340.751	430.976	527.92	365.654	388.303	495.386	170.792	423.233	586.081	319.768	449.855	293.2	307.293	398.456	272.749	409.076	210.612	545.897	215.09	597.74	606.17	156.878	96.2433	423.968	40.3255	533.564	399.315	591.235	658.86	360.897	572.693	387.522	540.858	490.865	80.1226	571.036	615.586	603.176	567.069	354.612	587.438	326.794	514.471	196.886	63.4468	501.876	292.139	428.915	665.116	624.738	718.839	594.619	285.76	262.6	551.53	844.439	435.306	348.203	700.78	450.61	
0	852.293	762.696	359.001	68.3126	317.589	69.7782	799.592	429.642	221.294	679.825	454.952	384.914	209.795	261.194	133.848	403.085	606.282	487.43	537.569	300.37	696.031	143.644	475.088	365.618	64.6307	178.732	595.079	547.337	125.199	474.768	545.114	372.461	126.144	524.79	78.4482	110.346	646.715	214.213	522.16	340.751	430.976	527.92	365.654	388.303	495.386	170.792	423.233	586.081	319.768	449.855	293.2	307.293	398.456	272.749	409.076	210.612	545.897	215.09	597.74	606.17	156.878	96.2433	423.968	40.3255	533.564	399.315	591.235	658.86	360.897	572.693	387.522	540.858	490.865	80.1226	571.036	615.586	603.176	567.069	354.612	587.438	326.794	514.471	196.886	63.4468	501.876	292.139	428.915	665.116	624.738	718.839	594.619	285.76	262.6	551.53	844.439	435.306	348.203	700.78	450.61	
0	852.293	762.696	359.001	68.3126	317.589	69.7782	799.592	429.642	221.294	679.825	454.952	384.914	209.795	261.194	133.848	403.085	606.282	487.43	537.569	300.37	696.031	143.644	475.088	365.618	64.6307	178.732	595.079	547.337	125.199	474.768	545.114	372.461	126.144	524.79	78.4482	110.346	646.715	214.213	522.16	340.751	430.976	527.92	365.654	388.303	495.386	170.792	423.233	586.081	319.768	449.855	293.2	307.293	398.456	272.749	409.076	210.612	545.897	215.09	597.74	606.17	156.878	96.2433	423.968	40.3255	533.564	399.315	591.235	658.86	360.897	572.693	387.522	540.858	490.865	80.1226	571.036	615.586	603.176	567.069	354.612	587.438	326.794	514.471	196.886	63.4468	501.876	292.139	428.915	665.116	624.738	718.839	594.619	285.76	262.6	551.53	844.439	435.306	348.203	700.78	450.61	
0	852.293	762.696	359.001	68.3126	317.589	69.7782	799.592	429.642	221.294	679.825	454.952	384.914	209.795	261.194	133.848	403.085	606.282	487.43	537.569	300.37	696.031	143.644	475.088	365.618	64.6307	178.732	595.079	547.337	125.199	474.768	545.114	372.461	126.144	524.79	78.4482	110.346	646.715	214.213	522.16	340.751	430.976	527.92	365.654	388.303	495.386	170.792	423.233	586.081	319.768	449.855	293.2	307.293	398.456	272.749	409.076	210.612	545.897	215.09	597.74	606.17	156.878	96.2433	423.968	40.3255	533.564	399.315	591.235	658.86	360.897	572.693	387.522	540.858	490.865	80.1226	571.036	615.586	603.176	567.069	354.612	587.438	326.794	514.471	196.886	63.4468	501.876	292.139	428.915	665.116	624.738	718.839	594.619	285.76	262.6	551.53	844.439	435.306	348.203	700.78	450.61	
0	852.293	762.696	359.001	68.3126	317.589	69.7782	799.592	429.642	221.294	679.825	454.952	384.914	209.795	261.194	133.848	403.085	606.282	487.43	537.569	300.37	696.031	143.644	475.088	365.618	64.6307	178.732	595.079	547.337	125.199	474.768	545.114	372.461	126.144	524.79	78.4482	110.346	646.715	214.213	522.16	340.751	430.976	527.92	365.654	388.303	495.386	170.792	423.233	586.081	319.768	449.855	293.2	307.293	398.456	272.749	409.076	210.612	545.897	215.09	597.74	606.17	156.878	96.2433	423.968	40.3255	533.564	399.315	591.235	658.86	360.897	572.693	387.522	540.858	490.865	80.1226	571.036	615.586	603.176	567.069	354.612	587.438	326.794	514.471	196.886	63.4468	501.876	292.139	428.915	665.116	624.738	718.839	594.619	285.76	262.6	551.53	844.439	435.306	348.203	700.78	450.61	
0	852.293	762.696	359.001	68.3126	317.589	69.7782	799.592	429.642	221.294	679.825	454.952	384.914	209.795	261.194	133.848	403.085	606.282	487.43	537.569	300.37	696.031	143.644	475.088	365.618	64.6307	178.732	595.079	547.337	125.199	474.768	545.114	372.461	126.144	524.79	78.4482	110.346	646.715	214.213	522.16	340.751	430.976	527.92	365.654	388.303	495.386	170.792	423.233	586.081	319.768	449.855	293.2	307.293	398.456	272.749	409.076	210.612	545.897	215.09	597.74	606.17	156.878	96.2433	423.968	40.3255	533.564	399.315	591.235	658.86	360.897	572.693	387.522	540.858	490.865	80.1226	571.036	615.586	603.176	567.069	354.612	587.438	326.794	514.471	196.886	63.4468	501.876	292.139	428.915	665.116	624.738	718.839	594.619	285.76	262.6	551.53	844.439	435.306	348.203	700.78	450.61	
0	852.293	762.696	359.001	68.3126	317.589	69.7782	799.592	429.642	221.294	679.825	454.952	384.914	209.795	261.194	133.848	403.085	606.282	487.43	537.569	300.37	696.031	143.644	475.088	365.618	64.6307	178.732	595.079	547.337	125.199	474.768	545.114	372.461	126.144	524.79	78.4482	110.346	646.715	214.213	522.16	340.751	430.976	527.92	365.654	388.303	495.386	170.792	423.233	586.081	319.768	449.855	293.2	307.293	398.456	272.749	409.076	210.612	545.897	215.09	597.74	606.17	156.878	96.2433	423.968	40.3255	533.564	399.315	591.235	658.86	360.897	572.693	387.522	540.858	490.865	80.1226	571.036	615.586	603.176	567.069	354.612	587.438	326.794	514.471	196.886	63.4468	501.876	292.139	428.915	665.116	624.738	718.839	594.619	285.76	262.6	551.53	844.439	435.306	348.203	700.78	450.61	
0	852.293	762.696	359.001	68.3126	317.589	69.7782	799.592	429.642	221.294	679.825	454.952	384.914	209.795	261.194	133.848	403.085	606.282	487.43	537.569	300.37	696.031	143.644	475.088	365.618	64.6307	178.732	595.079	547.337	125.199	474.768	545.114	372.461	126.144	524.79	78.4482	110.346	646.715	214.213	522.16	340.751	430.976	527.92	365.654	388.303	495.386	170.792	423.233	586.081	319.768	449.855	293.2	307.293	398.456	272.749	409.076	210.612	545.897	215.09	597.74	606.17	156.878	96.2433	423.968	40.3255	533.564	399.315	591.235	658.86	360.897	572.693	387.522	540.858	490.865	80.1226	571.036	615.586	603.176	567.069	354.612	587.438	326.794	514.471	196.886	63.4468	501.876	292.139	428.915	665.116	624.738	718.839	594.619	285.76	262.6	551.53	844.439	435.306	348.203	700.78	450.61	
0	852.293	762.696	359.001	68.3126	317.589	69.7782	799.592	429.642	221.294	679.825	454.952	384.914	209.795	261.194	133.848	403.085	606.282	487.43	537.569	300.37	696.031	143.644	475.088	365.618	64.6307	178.732	595.079	547.337	125.199	474.768	545.114	372.461	126.144	524.79	78.4482	110.346	646.715	214.213	522.16	340.751	430.976	527.92	365.654	388.303	495.386	170.792	423.233	586.081	319.768	449.855	293.2	307.293	398.456	272.749	409.076	210.612	545.897	215.09	597.74	606.17	156.878	96.2433	423.968	40.3255	533.564	399.315	591.235	658.86	360.897	572.693	387.522	540.858	490.865	80.1226	571.036	615.586	603.176	567.069	354.612	587.438	326.794	514.471	196.886	63.4468	501.876	292.139	428.915	665.116	624.738	718.839	594.619	285.76	262.6	551.53	844.439	435.306	348.203	700.78	450.61	
0	852.293	762.696	359.001	68.3126	317.589	69.7782	799.592	429.642	221.294	679.825	454.952	384.914	209.795	261.194	133.848	403.085	606.282	487.43	537.569	300.37	696.031	143.644	475.088	365.618	64.6307	178.732	595.079	547.337	125.199	474.768	545.114	372.461	126.144	524.79	78.4482	110.346	646.715	214.213	522.16	340.751	430.976	527.92	365.654	388.303	495.386	170.792	423.233	586.081	319.768	449.855	293.2	307.293	398.456	272.749	409.076	210.612	545.897	215.09	597.74	606.17	156.878	96.2433	423.968	40.3255	533.564	399.315	591.235	658.86	360.897	572.693	387.522	540.858	490.865	80.1226	571.036	615.586	603.176	567.069	354.612	587.438	326.794	514.471	196.886	63.4468	501.876	292.139	428.915	665.116	624.738	718.839	594.619	285.76	262.6	551.53	844.439	435.306	348.203	700.78	450.61	
0	852.293	762.696	359.001	68.3126	317.589	69.7782	799.592	429.642	221.294	679.825	454.952	384.914	209.795	261.194	133.848	403.085	606.282	487.43	537.569	300.37	696.031	143.644	475.088	365.618	64.6307	178.732	595.079	547.337	125.199	474.768	545.114	372.461	126.144	524.79	78.4482	110.346	646.715	214.213	522.16	340.751	430.976	527.92	365.654	388.303	495.386	170.792	423.233	586.081	319.768	449.855	293.2	307.293	398.456	272.749	409.076	210.612	545.897	215.09	597.74	606.17	156.878	96.2433	423.968	40.3255	533.564	399.315	591.235	658.86	360.897	572.693	387.522	540.858	490.865	80.1226	571.036	615.586	603.176	567.069	354.612	587.438	326.794	514.471	196.886	63.4468	501.876	292.139	428.915	665.116	624.738	718.839	594.619	285.76	262.6	551.53	844.439	435.306	348.203	700.78	450.61	
0	852.293	762.696	359.001	68.3126	317.589	69.7782	799.592	429.642	221.294	679.825	454.952	384.914	209.795	261.194	133.848	403.085	606.282	487.43	537.569	300.37	696.031	143.644	475.088	365.618	64.6307	178.732	595.079	547.337	125.199	474.768	545.114	372.461	126.144	524.79	78.4482	110.346	646.715	214.213	522.16	340.751	430.976	527.92	365.654	388.303	495.386	170.792	423.233	586.081	319.768	449.855	293.2	307.293	398.456	272.749	409.076	210.612	545.897	215.09	597.74	606.17	156.878	96.2433	423.968	40.3255	533.564	399.315	591.235	658.86	360.897	572.693	387.522	540.858	490.865	80.1226	571.036	615.586	603.176	567.069	354.612	587.438	326.794	514.471	196.886	63.4468	501.876	292.139	428.915	665.116	624.738	718.839	594.619	285.76	262.6	551.53	844.439	435.306	348.203	700.78	450.61	
0	852.293	762.696	359.001	68.3126	317.589	69.7782	799.592	429.642	221.294	679.825	454.952	384.914	209.795	261.194	133.848	403.085	606.282	487.43	537.569	300.37	696.031	143.644	475.088	365.618	64.6307	178.732	595.079	547.337	125.199	474.768	545.114	372.461	126.144	524.79	78.4482	110.346	646.715	214.213	522.16	340.751	430.976	527.92	365.654	388.303	495.386	170.792	423.233	586.081	319.768	449.855	293.2	307.293	398.456	272.749	409.076	210.612	545.897	215.09	597.74	606.17	156.878	96.2433	423.968	40.3255	533.564	399.315	591.235	658.86	360.897	572.693	387.522	540.858	490.865	80.1226	571.036	615.586	603.176	567.069	354.612	587.438	326.794	514.471	196.886	63.4468	501.876	292.139	428.915	665.116	624.738	718.839	594.619	285.76	262.6	551.53	844.439	435.306	348.203	700.78	450.61	
0	852.293	762.696	359.001	68.3126	317.589	69.7782	799.592	429.642	221.294	679.825	454.952	384.914	209.795	261.194	133.848	403.085	606.282	487.43	537.569	300.37	696.031	143.644	475.088	365.618	64.6307	178.732	595.079	547.337	125.199	474.768	545.114	372.461	126.144	524.79	78.4482	110.346	646.715	214.213	522.16	340.751	430.976	527.92	365.654	388.303	495.386	170.792	423.233	586.081	319.768	449.855	293.2	307.293	398.456	272.749	409.076	210.612	545.897	215.09	597.74	606.17	156.878	96.2433	423.968	40.3255	533.564	399.315	591.235	658.86	360.897	572.693	387.522	540.858	490.865	80.1226	571.036	615.586	603.176	567.069	354.612	587.438	326.794	514.471	196.886	63.4468	501.876	292.139	428.915	665.116	624.738	718.839	594.619	285.76	262.6	551.53	844.439	435.306	348.203	700.78	450.61	
0	852.293	762.696	359.001	68.3126	317.589	69.7782	799.592	429.642	221.294	679.825	454.952	384.914	209.795	261.194	133.848	403.085	606.282	487.43	537.569	300.37	696.031	143.644	475.088	365.618	64.6307	178.732	595.079	547.337	125.199	474.768	545.114	372.461	126.144	524.79	78.4482	110.346	646.715	214.213	522.16	340.751	430.976	527.92	365.654	388.303	495.386	170.792	423.233	586.081	319.768	449.855	293.2	307.293	398.456	272.749	409.076	210.612	545.897	215.09	597.74	606.17	156.878	96.2433	423.968	40.3255	533.564	399.315	591.235	658.86	360.897	572.693	387.522	540.858	490.865	80.1226	571.036	615.586	603.176	567.069	354.612	587.438	326.794	514.471	196.886	63.4468	501.876	292.139	428.915	665.116	624.738	718.839	594.619	285.76	262.6	551.53	844.439	435.306	348.203	700.78	450.61	
0	852.293	762.696	359.001	68.3126	317.589	69.7782	799.592	429.642	221.294	679.825	454.952	384.914	209.795	261.194	133.848	403.085	606.282	487.43	537.569	300.37	696.031	143.644	475.088	365.618	64.6307	178.732	595.079	547.337	125.199	474.768	545.114	372.461	126.144	524.79	78.4482	110.346	646.715	214.213	522.16	340.751	430.976	527.92	365.654	388.303	495.386	170.792	423.233	586.081	319.768	449.855	293.2	307.293	398.456	272.749	409.076	210.612	545.897	215.09	597.74	606.17	156.878	96.2433	423.968	40.3255	533.564	399.315	591.235	658.86	360.897	572.693	387.522	540.858	490.865	80.1226	571.036	615.586	603.176	567.069	354.612	587.438	326.794	514.471	196.886	63.4468	501.876	292.139	428.915	665.116	624.738	718.839	594.619	285.76	262.6	551.53	844.439	435.306	348.203	700.78	450.61	
0	852.293	762.696	359.001	68.3126	317.589	69.7782	799.592	429.642	221.294	679.825	454.952	384.914	209.795	261.194	133.848	403.085	606.282	487.43	537.569	300.37	696.031	143.644	475.088	365.618	64.6307	178.732	595.079	547.337	125.199	474.768	545.114	372.461	126.144	524.79	78.4482	110.346	646.715	214.213	522.16	340.751	430.976	527.92	365.654	388.303	495.386	170.792	423.233	586.081	319.768	449.855	293.2	307.293	398.456	272.749	409.076	210.612	545.897	215.09	597.74	606.17	156.878	96.2433	423.968	40.3255	533.564	399.315	591.235	658.86	360.897	572.693	387.522	540.858	490.865	80.1226	571.036	615.586	603.176	567.069	354.612	587.438	326.794	514.471	196.886	63.4468	501.876	292.139	428.915	665.116	624.738	718.839	594.619	285.76	262.6	551.53	844.439	435.306	348.203	700.78	450.61	
0	852.293	762.696	359.001	68.3126	317.589	69.7782	799.592	429.642	221.294	679.825	454.952	384.914	209.795	261.194	133.848	403.085	606.282	487.43	537.569	300.37	696.031	143.644	475.088	365.618	64.6307	178.732	595.079	547.337	125.199	474.768	545.114	372.461	126.144	524.79	78.4482	110.346	646.715	214.213	522.16	340.751	430.976	527.92	365.654	388.303	495.386	170.792	423.233	586.081	319.768	449.855	293.2	307.293	398.456	272.749	409.076	210.612	545.897	215.09	597.74	606.17	156.878	96.2433	423.968	40.3255	533.564	399.315	591.235	658.86	360.897	572.693	387.522	540.858	490.865	80.1226	571.036	615.586	603.176	567.069	354.612	587.438	326.794	514.471	196.886	63.4468	501.876	292.139	428.915	665.116	624.738	718.839	594.619	285.76	262.6	551.53	844.439	435.306	348.203	700.78	450.61	
0	852.293	762.696	359.001	68.3126	317.589	69.7782	799.592	429.642	221.294	679.825	454.952	384.914	209.795	261.194	133.848	403.085	606.282	487.43	537.569	300.37	696.031	143.644	475.088	365.618	64.6307	178.732	595.079	547.337	125.199	474.768	545.114	372.461	126.144	524.79	78.4482	110.346	646.715	214.213	522.16	340.751	430.976	527.92	365.654	388.303	495.386	170.792	423.233	586.081	319.768	449.855	293.2	307.293	398.456	272.749	409.076	210.612	545.897	215.09	597.74	606.17	156.878	96.2433	423.968	40.3255	533.564	399.315	591.235	658.86	360.897	572.693	387.522	540.858	490.865	80.1226	571.036	615.586	603.176	567.069	354.612	587.438	326.794	514.471	196.886	63.4468	501.876	292.139	428.915	665.116	624.738	718.839	594.619	285.76	262.6	551.53	844.439	435.306	348.203	700.78	450.61	
0	852.293	762.696	359.001	68.3126	317.589	69.7782	799.592	429.642	221.294	679.825	454.952	384.914	209.795	261.194	133.848	403.085	606.282	487.43	537.569	300.37	696.031	143.644	475.088	365.618	64.6307	178.732	595.079	547.337	125.199	474.768	545.114	372.461	126.144	524.79	78.4482	110.346	646.715	214.213	522.16	340.751	430.976	527.92	365.654	388.303	495.386	170.792	423.233	586.081	319.768	449.855	293.2	307.293	398.456	272.749	409.076	210.612	545.897	215.09	597.74	606.17	156.878	96.2433	423.968	40.3255	533.564	399.315	591.235	658.86	360.897	572.693	387.522	540.858	490.865	80.1226	571.036	615.586	603.176	567.069	354.612	587.438	326.794	514.471	196.886	63.4468	501.876	292.139	428.915	665.116	624.738	718.839	594.619	285.76	262.6	551.53	844.439	435.306	348.203	700.78	450.61	
0	852.293	762.696	359.001	68.3126	317.589	69.7782	799.592	429.642	221.294	679.825	454.952	384.914	209.795	261.194	133.848	403.085	606.282	487.43	537.569	300.37	696.031	143.644	475.088	365.618	64.6307	178.732	595.079	547.337	125.199	474.768	545.114	372.461	126.144	524.79	78.4482	110.346	646.715	214.213	522.16	340.751	430.976	527.92	365.654	388.303	495.386	170.792	423.233	586.081	319.768	449.855	293.2	307.293	398.456	272.749	409.076	210.612	545.897	215.09	597.74	606.17	156.878	96.2433	423.968	40.3255	533.564	399.315	591.235	658.86	360.897	572.693	387.522	540.858	490.865	80.1226	571.036	615.586	603.176	567.069	354.612	587.438	326.794	514.471	196.886	63.4468	501.876	292.139	428.915	665.116	624.738	718.839	594.619	285.76	262.6	551.53	844.439	435.306	348.203	700.78	450.61	
0	852.293	762.696	359.001	68.3126	317.589	69.7782	799.592	429.642	221.294	679.825	454.952	384.914	209.795	261.194	133.848	403.085	606.282	487.43	537.569	300.37	696.031	143.644	475.088	365.618	64.6307	178.732	595.079	547.337	125.199	474.768	545.114	372.461	126.144	524.79	78.4482	110.346	646.715	214.213	522.16	340.751	430.976	527.92	365.654	388.303	495.386	170.792	423.233	586.081	319.768	449.855	293.2	307.293	398.456	272.749	409.076	210.612	545.897	215.09	597.74	606.17	156.878	96.2433	423.968	40.3255	533.564	399.315	591.235	658.86	360.897	572.693	387.522	540.858	490.865	80.1226	571.036	615.586	603.176	567.069	354.612	587.438	326.794	514.471	196.886	63.4468	501.876	292.139	428.915	665.116	624.738	718.839	594.619	285.76	262.6	551.53	844.439	435.306	348.203	700.78	450.61	
0	852.293	762.696	359.001	68.3126	317.589	69.7782	799.592	429.642	221.294	679.825	454.952	384.914	209.795	261.194	133.848	403.085	606.282	487.43	537.569	300.37	696.031	143.644	475.088	365.618	64.6307	178.732	595.079	547.337	125.199	474.768	545.114	372.461	126.144	524.79	78.4482	110.346	646.715	214.213	522.16	340.751	430.976	527.92	365.654	388.303	495.386	170.792	423.233	586.081	319.768	449.855	293.2	307.293	398.456	272.749	409.076	210.612	545.897	215.09	597.74	606.17	156.878	96.2433	423.968	40.3255	533.564	399.315	591.235	658.86	360.897	572.693	387.522	540.858	490.865	80.1226	571.036	615.586	603.176	567.069	354.612	587.438	326.794	514.471	196.886	63.4468	501.876	292.139	428.915	665.116	624.738	718.839	594.619	285.76	262.6	551.53	844.439	435.306	348.203	700.78	450.61	
0	852.293	762.696	359.001	68.3126	317.589	69.7782	799.592	429.642	221.294	679.825	454.952	384.914	209.795	261.194	133.848	403.085	606.282	487.43	537.569	300.37	696.031	143.644	475.088	365.618	64.6307	178.732	595.079	547.337	125.199	474.768	545.114	372.461	126.144	524.79	78.4482	110.346	646.715	214.213	522.16	340.751	430.976	527.92	365.654	388.303	495.386	170.792	423.233	586.081	319.768	449.855	293.2	307.293	398.456	272.749	409.076	210.612	545.897	215.09	597.74	606.17	156.878	96.2433	423.968	40.3255	533.564	399.315	591.235	658.86	360.897	572.693	387.522	540.858	490.865	80.1226	571.036	615.586	603.176	567.069	354.612	587.438	326.794	514.471	196.886	63.4468	501.876	292.139	428.915	665.116	624.738	718.839	594.619	285.76	262.6	551.53	844.439	435.306	348.203	700.78	450.61	
0	852.293	762.696	359.001	68.3126	317.589	69.7782	799.592	429.642	221.294	679.825	454.952	384.914	209.795	261.194	133.848	403.085	606.282	487.43	537.569	300.37	696.031	143.644	475.088	365.618	64.6307	178.732	595.079	547.337	125.199	474.768	545.114	372.461	126.144	524.79	78.4482	110.346	646.715	214.213	522.16	340.751	430.976	527.92	365.654	388.303	495.386	170.792	423.233	586.081	319.768	449.855	293.2	307.293	398.456	272.749	409.076	210.612	545.897	215.09	597.74	606.17	156.878	96.2433	423.968	40.3255	533.564	399.315	591.235	658.86	360.897	572.693	387.522	540.858	490.865	80.1226	571.036	615.586	603.176	567.069	354.612	587.438	326.794	514.471	196.886	63.4468	501.876	292.139	428.915	665.116	624.738	718.839	594.619	285.76	262.6	551.53	844.439	435.306	348.203	700.78	450.61	
0	852.293	762.696	359.001	68.3126	317.589	69.7782	799.592	429.642	221.294	679.825	454.952	384.914	209.795	261.194	133.848	403.085	606.282	487.43	537.569	300.37	696.031	143.644	475.088	365.618	64.6307	178.732	595.079	547.337	125.199	474.768	545.114	372.461	126.144	524.79	78.4482	110.346	646.715	214.213	522.16	340.751	430.976	527.92	365.654	388.303	495.386	170.792	423.233	586.081	319.768	449.855	293.2	307.293	398.456	272.749	409.076	210.612	545.897	215.09	597.74	606.17	156.878	96.2433	423.968	40.3255	533.564	399.315	591.235	658.86	360.897	572.693	387.522	540.858	490.865	80.1226	571.036	615.586	603.176	567.069	354.612	587.438	326.794	514.471	196.886	63.4468	501.876	292.139	428.915	665.116	624.738	718.839	594.619	285.76	262.6	551.53	844.439	435.306	348.203	700.78	450.61	
0	852.293	762.696	359.001	68.3126	317.589	69.7782	799.592	429.642	221.294	679.825	454.952	384.914	209.795	261.194	133.848	403.085	606.282	487.43	537.569	300.37	696.031	143.644	475.088	365.618	64.6307	178.732	595.079	547.337	125.199	474.768	545.114	372.461	126.144	524.79	78.4482	110.346	646.715	214.213	522.16	340.751	430.976	527.92	365.654	388.303	495.386	170.792	423.233	586.081	319.768	449.855	293.2	307.293	398.456	272.749	409.076	210.612	545.897	215.09	597.74	606.17	156.878	96.2433	423.968	40.3255	533.564	399.315	591.235	658.86	360.897	572.693	387.522	540.858	490.865	80.1226	571.036	615.586	603.176	567.069	354.612	587.438	326.794	514.471	196.886	63.4468	501.876	292.139	428.915	665.116	624.738	718.839	594.619	285.76	262.6	551.53	844.439	435.306	348.203	700.78	450.61	
0	852.293	762.696	359.001	68.3126	317.589	69.7782	799.592	429.642	221.294	679.825	454.952	384.914	209.795	261.194	133.848	403.085	606.282	487.43	537.569	300.37	696.031	143.644	475.088	365.618	64.6307	178.732	595.079	547.337	125.199	474.768	545.114	372.461	126.144	524.79	78.4482	110.346	646.715	214.213	522.16	340.751	430.976	527.92	365.654	388.303	495.386	170.792	423.233	586.081	319.768	449.855	293.2	307.293	398.456	272.749	409.076	210.612	545.897	215.09	597.74	606.17	156.878	96.2433	423.968	40.3255	533.564	399.315	591.235	658.86	360.897	572.693	387.522	540.858	490.865	80.1226	571.036	615.586	603.176	567.069	354.612	587.438	326.794	514.471	196.886	63.4468	501.876	292.139	428.915	665.116	624.738	718.839	594.619	285.76	262.6	551.53	844.439	435.306	348.203	700.78	450.61	
0	852.293	762.696	359.001	68.3126	317.589	69.7782	799.592	429.642	221.294	679.825	454.952	384.914	209.795	261.194	133.848	403.085	606.282	487.43	537.569	300.37	696.031	143.644	475.088	365.618	64.6307	178.732	595.079	547.337	125.199	474.768	545.114	372.461	126.144	524.79	78.4482	110.346	646.715	214.213	522.16	340.751	430.976	527.92	365.654	388.303	495.386	170.792	423.233	586.081	319.768	449.855	293.2	307.293	398.456	272.749	409.076	210.612	545.897	215.09	597.74	606.17	156.878	96.2433	423.968	40.3255	533.564	399.315	591.235	658.86	360.897	572.693	387.522	540.858	490.865	80.1226	571.036	615.586	603.176	567.069	354.612	587.438	326.794	514.471	196.886	63.4468	501.876	292.139	428.915	665.116	624.738	718.839	594.619	285.76	262.6	551.53	844.439	435.306	348.203	700.78	450.61	
0	852.293	762.696	359.001	68.3126	317.589	69.7782	799.592	429.642	221.294	679.825	454.952	384.914	209.795	261.194	133.848	403.085	606.282	487.43	537.569	300.37	696.031	143.644	475.088	365.618	64.6307	178.732	595.079	547.337	125.199	474.768	545.114	372.461	126.144	524.79	78.4482	110.346	646.715	214.213	522.16	340.751	430.976	527.92	365.654	388.303	495.386	170.792	423.233	586.081	319.768	449.855	293.2	307.293	398.456	272.749	409.076	210.612	545.897	215.09	597.74	606.17	156.878	96.2433	423.968	40.3255	533.564	399.315	591.235	658.86	360.897	572.693	387.522	540.858	490.865	80.1226	571.036	615.586	603.176	567.069	354.612	587.438	326.794	514.471	196.886	63.4468	501.876	292.139	428.915	665.116	624.738	718.839	594.619	285.76	262.6	551.53	844.439	435.306	348.203	700.78	450.61	
0	852.293	762.696	359.001	68.3126	317.589	69.7782	799.592	429.642	221.294	679.825	454.952	384.914	209.795	261.194	133.848	403.085	606.282	487.43	537.569	300.37	696.031	143.644	475.088	365.618	64.6307	178.732	595.079	547.337	125.199	474.768	545.114	372.461	126.144	524.79	78.4482	110.346	646.715	214.213	522.16	340.751	430.976	527.92	365.654	388.303	495.386	170.792	423.233	586.081	319.768	449.855	293.2	307.293	398.456	272.749	409.076	210.612	545.897	215.09	597.74	606.17	156.878	96.2433	423.968	40.3255	533.564	399.315	591.235	658.86	360.897	572.693	387.522	540.858	490.865	80.1226	571.036	615.586	603.176	567.069	354.612	587.438	326.794	514.471	196.886	63.4468	501.876	292.139	428.915	665.116	624.738	718.839	594.619	285.76	262.6	551.53	844.439	435.306	348.203	700.78	450.61	
0	852.293	762.696	359.001	68.3126	317.589	69.7782	799.592	429.642	221.294	679.825	454.952	384.914	209.795	261.194	133.848	403.085	606.282	487.43	537.569	300.37	696.031	143.644	475.088	365.618	64.6307	178.732	595.079	547.337	125.199	474.768	545.114	372.461	126.144	524.79	78.4482	110.346	646.715	214.213	522.16	340.751	430.976	527.92	365.654	388.303	495.386	170.792	423.233	586.081	319.768	449.855	293.2	307.293	398.456	272.749	409.076	210.612	545.897	215.09	597.74	606.17	156.878	96.2433	423.968	40.3255	533.564	399.315	591.235	658.86	360.897	572.693	387.522	540.858	490.865	80.1226	571.036	615.586	603.176	567.069	354.612	587.438	326.794	514.471	196.886	63.4468	501.876	292.139	428.915	665.116	624.738	718.839	594.619	285.76	262.6	551.53	844.439	435.306	348.203	700.78	450.61	
0	852.293	762.696	359.001	68.3126	317.589	69.7782	799.592	429.642	221.294	679.825	454.952	384.914	209.795	261.194	133.848	403.085	606.282	487.43	537.569	300.37	696.031	143.644	475.088	365.618	64.6307	178.732	595.079	547.337	125.199	474.768	545.114	372.461	126.144	524.79	78.4482	110.346	646.715	214.213	522.16	340.751	430.976	527.92	365.654	388.303	495.386	170.792	423.233	586.081	319.768	449.855	293.2	307.293	398.456	272.749	409.076	210.612	545.897	215.09	597.74	606.17	156.878	96.2433	423.968	40.3255	533.564	399.315	591.235	658.86	360.897	572.693	387.522	540.858	490.865	80.1226	571.036	615.586	603.176	567.069	354.612	587.438	326.794	514.471	196.886	63.4468	501.876	292.139	428.915	665.116	624.738	718.839	594.619	285.76	262.6	551.53	844.439	435.306	348.203	700.78	450.61	
0	852.293	762.696	359.001	68.3126	317.589	69.7782	799.592	429.642	221.294	679.825	454.952	384.914	209.795	261.194	133.848	403.085	606.282	487.43	537.569	300.37	696.031	143.644	475.088	365.618	64.6307	178.732	595.079	547.337	125.199	474.768	545.114	372.461	126.144	524.79	78.4482	110.346	646.715	214.213	522.16	340.751	430.976	527.92	365.654	388.303	495.386	170.792	423.233	586.081	319.768	449.855	293.2	307.293	398.456	272.749	409.076	210.612	545.897	215.09	597.74	606.17	156.878	96.2433	423.968	40.3255	533.564	399.315	591.235	658.86	360.897	572.693	387.522	540.858	490.865	80.1226	571.036	615.586	603.176	567.069	354.612	587.438	326.794	514.471	196.886	63.4468	501.876	292.139	428.915	665.116	624.738	718.839	594.619	285.76	262.6	551.53	844.439	435.306	348.203	700.78	450.61	
0	852.293	762.696	359.001	68.3126	317.589	69.7782	799.592	429.642	221.294	679.825	454.952	384.914	209.795	261.194	133.848	403.085	606.282	487.43	537.569	300.37	696.031	143.644	475.088	365.618	64.6307	178.732	595.079	547.337	125.199	474.768	545.114	372.461	126.144	524.79	78.4482	110.346	646.715	214.213	522.16	340.751	430.976	527.92	365.654	388.303	495.386	170.792	423.233	586.081	319.768	449.855	293.2	307.293	398.456	272.749	409.076	210.612	545.897	215.09	597.74	606.17	156.878	96.2433	423.968	40.3255	533.564	399.315	591.235	658.86	360.897	572.693	387.522	540.858	490.865	80.1226	571.036	615.586	603.176	567.069	354.612	587.438	326.794	514.471	196.886	63.4468	501.876	292.139	428.915	665.116	624.738	718.839	594.619	285.76	262.6	551.53	844.439	435.306	348.203	700.78	450.61	
0	852.293	762.696	359.001	68.3126	317.589	69.7782	799.592	429.642	221.294	679.825	454.952	384.914	209.795	261.194	133.848	403.085	606.282	487.43	537.569	300.37	696.031	143.644	475.088	365.618	64.6307	178.732	595.079	547.337	125.199	474.768	545.114	372.461	126.144	524.79	78.4482	110.346	646.715	214.213	522.16	340.751	430.976	527.92	365.654	388.303	495.386	170.792	423.233	586.081	319.768	449.855	293.2	307.293	398.456	272.749	409.076	210.612	545.897	215.09	597.74	606.17	156.878	96.2433	423.968	40.3255	533.564	399.315	591.235	658.86	360.897	572.693	387.522	540.858	490.865	80.1226	571.036	615.586	603.176	567.069	354.612	587.438	326.794	514.471	196.886	63.4468	501.876	292.139	428.915	665.116	624.738	718.839	594.619	285.76	262.6	551.53	844.439	435.306	348.203	700.78	450.61	
0	852.293	762.696	359.001	68.3126	317.589	69.7782	799.592	429.642	221.294	679.825	454.952	384.914	209.795	261.194	133.848	403.085	606.282	487.43	537.569	300.37	696.031	143.644	475.088	365.618	64.6307	178.732	595.079	547.337	125.199	474.768	545.114	372.461	126.144	524.79	78.4482	110.346	646.715	214.213	522.16	340.751	430.976	527.92	365.654	388.303	495.386	170.792	423.233	586.081	319.768	449.855	293.2	307.293	398.456	272.749	409.076	210.612	545.897	215.09	597.74	606.17	156.878	96.2433	423.968	40.3255	533.564	399.315	591.235	658.86	360.897	572.693	387.522	540.858	490.865	80.1226	571.036	615.586	603.176	567.069	354.612	587.438	326.794	514.471	196.886	63.4468	501.876	292.139	428.915	665.116	624.738	718.839	594.619	285.76	262.6	551.53	844.439	435.306	348.203	700.78	450.61	
0	852.293	762.696	359.001	68.3126	317.589	69.7782	799.592	429.642	221.294	679.825	454.952	384.914	209.795	261.194	133.848	403.085	606.282	487.43	537.569	300.37	696.031	143.644	475.088	365.618	64.6307	178.732	595.079	547.337	125.199	474.768	545.114	372.461	126.144	524.79	78.4482	110.346	646.715	214.213	522.16	340.751	430.976	527.92	365.654	388.303	495.386	170.792	423.233	586.081	319.768	449.855	293.2	307.293	398.456	272.749	409.076	210.612	545.897	215.09	597.74	606.17	156.878	96.2433	423.968	40.3255	533.564	399.315	591.235	658.86	360.897	572.693	387.522	540.858	490.865	80.1226	571.036	615.586	603.176	567.069	354.612	587.438	326.794	514.471	196.886	63.4468	501.876	292.139	428.915	665.116	624.738	718.839	594.619	285.76	262.6	551.53	844.439	435.306	348.203	700.78	450.61	
0	852.293	762.696	359.001	68.3126	317.589	69.7782	799.592	429.642	221.294	679.825	454.952	384.914	209.795	261.194	133.848	403.085	606.282	487.43	537.569	300.37	696.031	143.644	475.088	365.618	64.6307	178.732	595.079	547.337	125.199	474.768	545.114	372.461	126.144	524.79	78.4482	110.346	646.715	214.213	522.16	340.751	430.976	527.92	365.654	388.303	495.386	170.792	423.233	586.081	319.768	449.855	293.2	307.293	398.456	272.749	409.076	210.612	545.897	215.09	597.74	606.17	156.878	96.2433	423.968	40.3255	533.564	399.315	591.235	658.86	360.897	572.693	387.522	540.858	490.865	80.1226	571.036	615.586	603.176	567.069	354.612	587.438	326.794	514.471	196.886	63.4468	501.876	292.139	428.915	665.116	624.738	718.839	594.619	285.76	262.6	551.53	844.439	435.306	348.203	700.78	450.61	
0	852.293	762.696	359.001	68.3126	317.589	69.7782	799.592	429.642	221.294	679.825	454.952	384.914	209.795	261.194	133.848	403.085	606.282	487.43	537.569	300.37	696.031	143.644	475.088	365.618	64.6307	178.732	595.079	547.337	125.199	474.768	545.114	372.461	126.144	524.79	78.4482	110.346	646.715	214.213	522.16	340.751	430.976	527.92	365.654	388.303	495.386	170.792	423.233	586.081	319.768	449.855	293.2	307.293	398.456	272.749	409.076	210.612	545.897	215.09	597.74	606.17	156.878	96.2433	423.968	40.3255	533.564	399.315	591.235	658.86	360.897	572.693	387.522	540.858	490.865	80.1226	571.036	615.586	603.176	567.069	354.612	587.438	326.794	514.471	196.886	63.4468	501.876	292.139	428.915	665.116	624.738	718.839	594.619	285.76	262.6	551.53	844.439	435.306	348.203	700.78	450.61	
0	852.293	762.696	359.001	68.3126	317.589	69.7782	799.592	429.642	221.294	679.825	454.952	384.914	209.795	261.194	133.848	403.085	606.282	487.43	537.569	300.37	696.031	143.644	475.088	365.618	64.6307	178.732	595.079	547.337	125.199	474.768	545.114	372.461	126.144	524.79	78.4482	110.346	646.715	214.213	522.16	340.751	430.976	527.92	365.654	388.303	495.386	170.792	423.233	586.081	319.768	449.855	293.2	307.293	398.456	272.749	409.076	210.612	545.897	215.09	597.74	606.17	156.878	96.2433	423.968	40.3255	533.564	399.315	591.235	658.86	360.897	572.693	387.522	540.858	490.865	80.1226	571.036	615.586	603.176	567.069	354.612	587.438	326.794	514.471	196.886	63.4468	501.876	292.139	428.915	665.116	624.738	718.839	594.619	285.76	262.6	551.53	844.439	435.306	348.203	700.78	450.61	
0	852.293	762.696	359.001	68.3126	317.589	69.7782	799.592	429.642	221.294	679.825	454.952	384.914	209.795	261.194	133.848	403.085	606.282	487.43	537.569	300.37	696.031	143.644	475.088	365.618	64.6307	178.732	595.079	547.337	125.199	474.768	545.114	372.461	126.144	524.79	78.4482	110.346	646.715	214.213	522.16	340.751	430.976	527.92	365.654	388.303	495.386	170.792	423.233	586.081	319.768	449.855	293.2	307.293	398.456	272.749	409.076	210.612	545.897	215.09	597.74	606.17	156.878	96.2433	423.968	40.3255	533.564	399.315	591.235	658.86	360.897	572.693	387.522	540.858	490.865	80.1226	571.036	615.586	603.176	567.069	354.612	587.438	326.794	514.471	196.886	63.4468	501.876	292.139	428.915	665.116	624.738	718.839	594.619	285.76	262.6	551.53	844.439	435.306	348.203	700.78	450.61	
0	852.293	762.696	359.001	68.3126	317.589	69.7782	799.592	429.642	221.294	679.825	454.952	384.914	209.795	261.194	133.848	403.085	606.282	487.43	537.569	300.37	696.031	143.644	475.088	365.618	64.6307	178.732	595.079	547.337	125.199	474.768	545.114	372.461	126.144	524.79	78.4482	110.346	646.715	214.213	522.16	340.751	430.976	527.92	365.654	388.303	495.386	170.792	423.233	586.081	319.768	449.855	293.2	307.293	398.456	272.749	409.076	210.612	545.897	215.09	597.74	606.17	156.878	96.2433	423.968	40.3255	533.564	399.315	591.235	658.86	360.897	572.693	387.522	540.858	490.865	80.1226	571.036	615.586	603.176	567.069	354.612	587.438	326.794	514.471	196.886	63.4468	501.876	292.139	428.915	665.116	624.738	718.839	594.619	285.76	262.6	551.53	844.439	435.306	348.203	700.78	450.61	
0	852.293	762.696	359.001	68.3126	317.589	69.7782	799.592	429.642	221.294	679.825	454.952	384.914	209.795	261.194	133.848	403.085	606.282	487.43	537.569	300.37	696.031	143.644	475.088	365.618	64.6307	178.732	595.079	547.337	125.199	474.768	545.114	372.461	126.144	524.79	78.4482	110.346	646.715	214.213	522.16	340.751	430.976	527.92	365.654	388.303	495.386	170.792	423.233	586.081	319.768	449.855	293.2	307.293	398.456	272.749	409.076	210.612	545.897	215.09	597.74	606.17	156.878	96.2433	423.968	40.3255	533.564	399.315	591.235	658.86	360.897	572.693	387.522	540.858	490.865	80.1226	571.036	615.586	603.176	567.069	354.612	587.438	326.794	514.471	196.886	63.4468	501.876	292.139	428.915	665.116	624.738	718.839	594.619	285.76	262.6	551.53	844.439	435.306	348.203	700.78	450.61	
0	852.293	762.696	359.001	68.3126	317.589	69.7782	799.592	429.642	221.294	679.825	454.952	384.914	209.795	261.194	133.848	403.085	606.282	487.43	537.569	300.37	696.031	143.644	475.088	365.618	64.6307	178.732	595.079	547.337	125.199	474.768	545.114	372.461	126.144	524.79	78.4482	110.346	646.715	214.213	522.16	340.751	430.976	527.92	365.654	388.303	495.386	170.792	423.233	586.081	319.768	449.855	293.2	307.293	398.456	272.749	409.076	210.612	545.897	215.09	597.74	606.17	156.878	96.2433	423.968	40.3255	533.564	399.315	591.235	658.86	360.897	572.693	387.522	540.858	490.865	80.1226	571.036	615.586	603.176	567.069	354.612	587.438	326.794	514.471	196.886	63.4468	501.876	292.139	428.915	665.116	624.738	718.839	594.619	285.76	262.6	551.53	844.439	435.306	348.203	700.78	450.61	
0	852.293	762.696	359.001	68.3126	317.589	69.7782	799.592	429.642	221.294	679.825	454.952	384.914	209.795	261.194	133.848	403.085	606.282	487.43	537.569	300.37	696.031	143.644	475.088	365.618	64.6307	178.732	595.079	547.337	125.199	474.768	545.114	372.461	126.144	524.79	78.4482	110.346	646.715	214.213	522.16	340.751	430.976	527.92	365.654	388.303	495.386	170.792	423.233	586.081	319.768	449.855	293.2	307.293	398.456	272.749	409.076	210.612	545.897	215.09	597.74	606.17	156.878	96.2433	423.968	40.3255	533.564	399.315	591.235	658.86	360.897	572.693	387.522	540.858	490.865	80.1226	571.036	615.586	603.176	567.069	354.612	587.438	326.794	514.471	196.886	63.4468	501.876	292.139	428.915	665.116	624.738	718.839	594.619	285.76	262.6	551.53	844.439	435.306	348.203	700.78	450.61	
0	852.293	762.696	359.001	68.3126	317.589	69.7782	799.592	429.642	221.294	679.825	454.952	384.914	209.795	261.194	133.848	403.085	606.282	487.43	537.569	300.37	696.031	143.644	475.088	365.618	64.6307	178.732	595.079	547.337	125.199	474.768	545.114	372.461	126.144	524.79	78.4482	110.346	646.715	214.213	522.16	340.751	430.976	527.92	365.654	388.303	495.386	170.792	423.233	586.081	319.768	449.855	293.2	307.293	398.456	272.749	409.076	210.612	545.897	215.09	597.74	606.17	156.878	96.2433	423.968	40.3255	533.564	399.315	591.235	658.86	360.897	572.693	387.522	540.858	490.865	80.1226	571.036	615.586	603.176	567.069	354.612	587.438	326.794	514.471	196.886	63.4468	501.876	292.139	428.915	665.116	624.738	718.839	594.619	285.76	262.6	551.53	844.439	435.306	348.203	700.78	450.61	
0	852.293	762.696	359.001	68.3126	317.589	69.7782	799.592	429.642	221.294	679.825	454.952	384.914	209.795	261.194	133.848	403.085	606.282	487.43	537.569	300.37	696.031	143.644	475.088	365.618	64.6307	178.732	595.079	547.337	125.199	474.768	545.114	372.461	126.144	524.79	78.4482	110.346	646.715	214.213	522.16	340.751	430.976	527.92	365.654	388.303	495.386	170.792	423.233	586.081	319.768	449.855	293.2	307.293	398.456	272.749	409.076	210.612	545.897	215.09	597.74	606.17	156.878	96.2433	423.968	40.3255	533.564	399.315	591.235	658.86	360.897	572.693	387.522	540.858	490.865	80.1226	571.036	615.586	603.176	567.069	354.612	587.438	326.794	514.471	196.886	63.4468	501.876	292.139	428.915	665.116	624.738	718.839	594.619	285.76	262.6	551.53	844.439	435.306	348.203	700.78	450.61	
0	852.293	762.696	359.001	68.3126	317.589	69.7782	799.592	429.642	221.294	679.825	454.952	384.914	209.795	261.194	133.848	403.085	606.282	487.43	537.569	300.37	696.031	143.644	475.088	365.618	64.6307	178.732	595.079	547.337	125.199	474.768	545.114	372.461	126.144	524.79	78.4482	110.346	646.715	214.213	522.16	340.751	430.976	527.92	365.654	388.303	495.386	170.792	423.233	586.081	319.768	449.855	293.2	307.293	398.456	272.749	409.076	210.612	545.897	215.09	597.74	606.17	156.878	96.2433	423.968	40.3255	533.564	399.315	591.235	658.86	360.897	572.693	387.522	540.858	490.865	80.1226	571.036	615.586	603.176	567.069	354.612	587.438	326.794	514.471	196.886	63.4468	501.876	292.139	428.915	665.116	624.738	718.839	594.619	285.76	262.6	551.53	844.439	435.306	348.203	700.78	450.61	
0	852.293	762.696	359.001	68.3126	317.589	69.7782	799.592	429.642	221.294	679.825	454.952	384.914	209.795	261.194	133.848	403.085	606.282	487.43	537.569	300.37	696.031	143.644	475.088	365.618	64.6307	178.732	595.079	547.337	125.199	474.768	545.114	372.461	126.144	524.79	78.4482	110.346	646.715	214.213	522.16	340.751	430.976	527.92	365.654	388.303	495.386	170.792	423.233	586.081	319.768	449.855	293.2	307.293	398.456	272.749	409.076	210.612	545.897	215.09	597.74	606.17	156.878	96.2433	423.968	40.3255	533.564	399.315	591.235	658.86	360.897	572.693	387.522	540.858	490.865	80.1226	571.036	615.586	603.176	567.069	354.612	587.438	326.794	514.471	196.886	63.4468	501.876	292.139	428.915	665.116	624.738	718.839	594.619	285.76	262.6	551.53	844.439	435.306	348.203	700.78	450.61	
0	852.293	762.696	359.001	68.3126	317.589	69.7782	799.592	429.642	221.294	679.825	454.952	384.914	209.795	261.194	133.848	403.085	606.282	487.43	537.569	300.37	696.031	143.644	475.088	365.618	64.6307	178.732	595.079	547.337	125.199	474.768	545.114	372.461	126.144	524.79	78.4482	110.346	646.715	214.213	522.16	340.751	430.976	527.92	365.654	388.303	495.386	170.792	423.233	586.081	319.768	449.855	293.2	307.293	398.456	272.749	409.076	210.612	545.897	215.09	597.74	606.17	156.878	96.2433	423.968	40.3255	533.564	399.315	591.235	658.86	360.897	572.693	387.522	540.858	490.865	80.1226	571.036	615.586	603.176	567.069	354.612	587.438	326.794	514.471	196.886	63.4468	501.876	292.139	428.915	665.116	624.738	718.839	594.619	285.76	262.6	551.53	844.439	435.306	348.203	700.78	450.61	
0	852.293	762.696	359.001	68.3126	317.589	69.7782	799.592	429.642	221.294	679.825	454.952	384.914	209.795	261.194	133.848	403.085	606.282	487.43	537.569	300.37	696.031	143.644	475.088	365.618	64.6307	178.732	595.079	547.337	125.199	474.768	545.114	372.461	126.144	524.79	78.4482	110.346	646.715	214.213	522.16	340.751	430.976	527.92	365.654	388.303	495.386	170.792	423.233	586.081	319.768	449.855	293.2	307.293	398.456	272.749	409.076	210.612	545.897	215.09	597.74	606.17	156.878	96.2433	423.968	40.3255	533.564	399.315	591.235	658.86	360.897	572.693	387.522	540.858	490.865	80.1226	571.036	615.586	603.176	567.069	354.612	587.438	326.794	514.471	196.886	63.4468	501.876	292.139	428.915	665.116	624.738	718.839	594.619	285.76	262.6	551.53	844.439	435.306	348.203	700.78	450.61	
0	852.293	762.696	359.001	68.3126	317.589	69.7782	799.592	429.642	221.294	679.825	454.952	384.914	209.795	261.194	133.848	403.085	606.282	487.43	537.569	300.37	696.031	143.644	475.088	365.618	64.6307	178.732	595.079	547.337	125.199	474.768	545.114	372.461	126.144	524.79	78.4482	110.346	646.715	214.213	522.16	340.751	430.976	527.92	365.654	388.303	495.386	170.792	423.233	586.081	319.768	449.855	293.2	307.293	398.456	272.749	409.076	210.612	545.897	215.09	597.74	606.17	156.878	96.2433	423.968	40.3255	533.564	399.315	591.235	658.86	360.897	572.693	387.522	540.858	490.865	80.1226	571.036	615.586	603.176	567.069	354.612	587.438	326.794	514.471	196.886	63.4468	501.876	292.139	428.915	665.116	624.738	718.839	594.619	285.76	262.6	551.53	844.439	435.306	348.203	700.78	450.61	
0	852.293	762.696	359.001	68.3126	317.589	69.7782	799.592	429.642	221.294	679.825	454.952	384.914	209.795	261.194	133.848	403.085	606.282	487.43	537.569	300.37	696.031	143.644	475.088	365.618	64.6307	178.732	595.079	547.337	125.199	474.768	545.114	372.461	126.144	524.79	78.4482	110.346	646.715	214.213	522.16	340.751	430.976	527.92	365.654	388.303	495.386	170.792	423.233	586.081	319.768	449.855	293.2	307.293	398.456	272.749	409.076	210.612	545.897	215.09	597.74	606.17	156.878	96.2433	423.968	40.3255	533.564	399.315	591.235	658.86	360.897	572.693	387.522	540.858	490.865	80.1226	571.036	615.586	603.176	567.069	354.612	587.438	326.794	514.471	196.886	63.4468	501.876	292.139	428.915	665.116	624.738	718.839	594.619	285.76	262.6	551.53	844.439	435.306	348.203	700.78	450.61	
0	852.293	762.696	359.001	68.3126	317.589	69.7782	799.592	429.642	221.294	679.825	454.952	384.914	209.795	261.194	133.848	403.085	606.282	487.43	537.569	300.37	696.031	143.644	475.088	365.618	64.6307	178.732	595.079	547.337	125.199	474.768	545.114	372.461	126.144	524.79	78.4482	110.346	646.715	214.213	522.16	340.751	430.976	527.92	365.654	388.303	495.386	170.792	423.233	586.081	319.768	449.855	293.2	307.293	398.456	272.749	409.076	210.612	545.897	215.09	597.74	606.17	156.878	96.2433	423.968	40.3255	533.564	399.315	591.235	658.86	360.897	572.693	387.522	540.858	490.865	80.1226	571.036	615.586	603.176	567.069	354.612	587.438	326.794	514.471	196.886	63.4468	501.876	292.139	428.915	665.116	624.738	718.839	594.619	285.76	262.6	551.53	844.439	435.306	348.203	700.78	450.61	
0	852.293	762.696	359.001	68.3126	317.589	69.7782	799.592	429.642	221.294	679.825	454.952	384.914	209.795	261.194	133.848	403.085	606.282	487.43	537.569	300.37	696.031	143.644	475.088	365.618	64.6307	178.732	595.079	547.337	125.199	474.768	545.114	372.461	126.144	524.79	78.4482	110.346	646.715	214.213	522.16	340.751	430.976	527.92	365.654	388.303	495.386	170.792	423.233	586.081	319.768	449.855	293.2	307.293	398.456	272.749	409.076	210.612	545.897	215.09	597.74	606.17	156.878	96.2433	423.968	40.3255	533.564	399.315	591.235	658.86	360.897	572.693	387.522	540.858	490.865	80.1226	571.036	615.586	603.176	567.069	354.612	587.438	326.794	514.471	196.886	63.4468	501.876	292.139	428.915	665.116	624.738	718.839	594.619	285.76	262.6	551.53	844.439	435.306	348.203	700.78	450.61	
0	852.293	762.696	359.001	68.3126	317.589	69.7782	799.592	429.642	221.294	679.825	454.952	384.914	209.795	261.194	133.848	403.085	606.282	487.43	537.569	300.37	696.031	143.644	475.088	365.618	64.6307	178.732	595.079	547.337	125.199	474.768	545.114	372.461	126.144	524.79	78.4482	110.346	646.715	214.213	522.16	340.751	430.976	527.92	365.654	388.303	495.386	170.792	423.233	586.081	319.768	449.855	293.2	307.293	398.456	272.749	409.076	210.612	545.897	215.09	597.74	606.17	156.878	96.2433	423.968	40.3255	533.564	399.315	591.235	658.86	360.897	572.693	387.522	540.858	490.865	80.1226	571.036	615.586	603.176	567.069	354.612	587.438	326.794	514.471	196.886	63.4468	501.876	292.139	428.915	665.116	624.738	718.839	594.619	285.76	262.6	551.53	844.439	435.306	348.203	700.78	450.61	
0	852.293	762.696	359.001	68.3126	317.589	69.7782	799.592	429.642	221.294	679.825	454.952	384.914	209.795	261.194	133.848	403.085	606.282	487.43	537.569	300.37	696.031	143.644	475.088	365.618	64.6307	178.732	595.079	547.337	125.199	474.768	545.114	372.461	126.144	524.79	78.4482	110.346	646.715	214.213	522.16	340.751	430.976	527.92	365.654	388.303	495.386	170.792	423.233	586.081	319.768	449.855	293.2	307.293	398.456	272.749	409.076	210.612	545.897	215.09	597.74	606.17	156.878	96.2433	423.968	40.3255	533.564	399.315	591.235	658.86	360.897	572.693	387.522	540.858	490.865	80.1226	571.036	615.586	603.176	567.069	354.612	587.438	326.794	514.471	196.886	63.4468	501.876	292.139	428.915	665.116	624.738	718.839	594.619	285.76	262.6	551.53	844.439	435.306	348.203	700.78	450.61	
0	852.293	762.696	359.001	68.3126	317.589	69.7782	799.592	429.642	221.294	679.825	454.952	384.914	209.795	261.194	133.848	403.085	606.282	487.43	537.569	300.37	696.031	143.644	475.088	365.618	64.6307	178.732	595.079	547.337	125.199	474.768	545.114	372.461	126.144	524.79	78.4482	110.346	646.715	214.213	522.16	340.751	430.976	527.92	365.654	388.303	495.386	170.792	423.233	586.081	319.768	449.855	293.2	307.293	398.456	272.749	409.076	210.612	545.897	215.09	597.74	606.17	156.878	96.2433	423.968	40.3255	533.564	399.315	591.235	658.86	360.897	572.693	387.522	540.858	490.865	80.1226	571.036	615.586	603.176	567.069	354.612	587.438	326.794	514.471	196.886	63.4468	501.876	292.139	428.915	665.116	624.738	718.839	594.619	285.76	262.6	551.53	844.439	435.306	348.203	700.78	450.61	
0	852.293	762.696	359.001	68.3126	317.589	69.7782	799.592	429.642	221.294	679.825	454.952	384.914	209.795	261.194	133.848	403.085	606.282	487.43	537.569	300.37	696.031	143.644	475.088	365.618	64.6307	178.732	595.079	547.337	125.199	474.768	545.114	372.461	126.144	524.79	78.4482	110.346	646.715	214.213	522.16	340.751	430.976	527.92	365.654	388.303	495.386	170.792	423.233	586.081	319.768	449.855	293.2	307.293	398.456	272.749	409.076	210.612	545.897	215.09	597.74	606.17	156.878	96.2433	423.968	40.3255	533.564	399.315	591.235	658.86	360.897	572.693	387.522	540.858	490.865	80.1226	571.036	615.586	603.176	567.069	354.612	587.438	326.794	514.471	196.886	63.4468	501.876	292.139	428.915	665.116	624.738	718.839	594.619	285.76	262.6	551.53	844.439	435.306	348.203	700.78	450.61	
0	852.293	762.696	359.001	68.3126	317.589	69.7782	799.592	429.642	221.294	679.825	454.952	384.914	209.795	261.194	133.848	403.085	606.282	487.43	537.569	300.37	696.031	143.644	475.088	365.618	64.6307	178.732	595.079	547.337	125.199	474.768	545.114	372.461	126.144	524.79	78.4482	110.346	646.715	214.213	522.16	340.751	430.976	527.92	365.654	388.303	495.386	170.792	423.233	586.081	319.768	449.855	293.2	307.293	398.456	272.749	409.076	210.612	545.897	215.09	597.74	606.17	156.878	96.2433	423.968	40.3255	533.564	399.315	591.235	658.86	360.897	572.693	387.522	540.858	490.865	80.1226	571.036	615.586	603.176	567.069	354.612	587.438	326.794	514.471	196.886	63.4468	501.876	292.139	428.915	665.116	624.738	718.839	594.619	285.76	262.6	551.53	844.439	435.306	348.203	700.78	450.61	
0	852.293	762.696	359.001	68.3126	317.589	69.7782	799.592	429.642	221.294	679.825	454.952	384.914	209.795	261.194	133.848	403.085	606.282	487.43	537.569	300.37	696.031	143.644	475.088	365.618	64.6307	178.732	595.079	547.337	125.199	474.768	545.114	372.461	126.144	524.79	78.4482	110.346	646.715	214.213	522.16	340.751	430.976	527.92	365.654	388.303	495.386	170.792	423.233	586.081	319.768	449.855	293.2	307.293	398.456	272.749	409.076	210.612	545.897	215.09	597.74	606.17	156.878	96.2433	423.968	40.3255	533.564	399.315	591.235	658.86	360.897	572.693	387.522	540.858	490.865	80.1226	571.036	615.586	603.176	567.069	354.612	587.438	326.794	514.471	196.886	63.4468	501.876	292.139	428.915	665.116	624.738	718.839	594.619	285.76	262.6	551.53	844.439	435.306	348.203	700.78	450.61	
0	852.293	762.696	359.001	68.3126	317.589	69.7782	799.592	429.642	221.294	679.825	454.952	384.914	209.795	261.194	133.848	403.085	606.282	487.43	537.569	300.37	696.031	143.644	475.088	365.618	64.6307	178.732	595.079	547.337	125.199	474.768	545.114	372.461	126.144	524.79	78.4482	110.346	646.715	214.213	522.16	340.751	430.976	527.92	365.654	388.303	495.386	170.792	423.233	586.081	319.768	449.855	293.2	307.293	398.456	272.749	409.076	210.612	545.897	215.09	597.74	606.17	156.878	96.2433	423.968	40.3255	533.564	399.315	591.235	658.86	360.897	572.693	387.522	540.858	490.865	80.1226	571.036	615.586	603.176	567.069	354.612	587.438	326.794	514.471	196.886	63.4468	501.876	292.139	428.915	665.116	624.738	718.839	594.619	285.76	262.6	551.53	844.439	435.306	348.203	700.78	450.61	
0	852.293	762.696	359.001	68.3126	317.589	69.7782	799.592	429.642	221.294	679.825	454.952	384.914	209.795	261.194	133.848	403.085	606.282	487.43	537.569	300.37	696.031	143.644	475.088	365.618	64.6307	178.732	595.079	547.337	125.199	474.768	545.114	372.461	126.144	524.79	78.4482	110.346	646.715	214.213	522.16	340.751	430.976	527.92	365.654	388.303	495.386	170.792	423.233	586.081	319.768	449.855	293.2	307.293	398.456	272.749	409.076	210.612	545.897	215.09	597.74	606.17	156.878	96.2433	423.968	40.3255	533.564	399.315	591.235	658.86	360.897	572.693	387.522	540.858	490.865	80.1226	571.036	615.586	603.176	567.069	354.612	587.438	326.794	514.471	196.886	63.4468	501.876	292.139	428.915	665.116	624.738	718.839	594.619	285.76	262.6	551.53	844.439	435.306	348.203	700.78	450.61	
0	852.293	762.696	359.001	68.3126	317.589	69.7782	799.592	429.642	221.294	679.825	454.952	384.914	209.795	261.194	133.848	403.085	606.282	487.43	537.569	300.37	696.031	143.644	475.088	365.618	64.6307	178.732	595.079	547.337	125.199	474.768	545.114	372.461	126.144	524.79	78.4482	110.346	646.715	214.213	522.16	340.751	430.976	527.92	365.654	388.303	495.386	170.792	423.233	586.081	319.768	449.855	293.2	307.293	398.456	272.749	409.076	210.612	545.897	215.09	597.74	606.17	156.878	96.2433	423.968	40.3255	533.564	399.315	591.235	658.86	360.897	572.693	387.522	540.858	490.865	80.1226	571.036	615.586	603.176	567.069	354.612	587.438	326.794	514.471	196.886	63.4468	501.876	292.139	428.915	665.116	624.738	718.839	594.619	285.76	262.6	551.53	844.439	435.306	348.203	700.78	450.61	
0	852.293	762.696	359.001	68.3126	317.589	69.7782	799.592	429.642	221.294	679.825	454.952	384.914	209.795	261.194	133.848	403.085	606.282	487.43	537.569	300.37	696.031	143.644	475.088	365.618	64.6307	178.732	595.079	547.337	125.199	474.768	545.114	372.461	126.144	524.79	78.4482	110.346	646.715	214.213	522.16	340.751	430.976	527.92	365.654	388.303	495.386	170.792	423.233	586.081	319.768	449.855	293.2	307.293	398.456	272.749	409.076	210.612	545.897	215.09	597.74	606.17	156.878	96.2433	423.968	40.3255	533.564	399.315	591.235	658.86	360.897	572.693	387.522	540.858	490.865	80.1226	571.036	615.586	603.176	567.069	354.612	587.438	326.794	514.471	196.886	63.4468	501.876	292.139	428.915	665.116	624.738	718.839	594.619	285.76	262.6	551.53	844.439	435.306	348.203	700.78	450.61	
0	852.293	762.696	359.001	68.3126	317.589	69.7782	799.592	429.642	221.294	679.825	454.952	384.914	209.795	261.194	133.848	403.085	606.282	487.43	537.569	300.37	696.031	143.644	475.088	365.618	64.6307	178.732	595.079	547.337	125.199	474.768	545.114	372.461	126.144	524.79	78.4482	110.346	646.715	214.213	522.16	340.751	430.976	527.92	365.654	388.303	495.386	170.792	423.233	586.081	319.768	449.855	293.2	307.293	398.456	272.749	409.076	210.612	545.897	215.09	597.74	606.17	156.878	96.2433	423.968	40.3255	533.564	399.315	591.235	658.86	360.897	572.693	387.522	540.858	490.865	80.1226	571.036	615.586	603.176	567.069	354.612	587.438	326.794	514.471	196.886	63.4468	501.876	292.139	428.915	665.116	624.738	718.839	594.619	285.76	262.6	551.53	844.439	435.306	348.203	700.78	450.61	
0	852.293	762.696	359.001	68.3126	317.589	69.7782	799.592	429.642	221.294	679.825	454.952	384.914	209.795	261.194	133.848	403.085	606.282	487.43	537.569	300.37	696.031	143.644	475.088	365.618	64.6307	178.732	595.079	547.337	125.199	474.768	545.114	372.461	126.144	524.79	78.4482	110.346	646.715	214.213	522.16	340.751	430.976	527.92	365.654	388.303	495.386	170.792	423.233	586.081	319.768	449.855	293.2	307.293	398.456	272.749	409.076	210.612	545.897	215.09	597.74	606.17	156.878	96.2433	423.968	40.3255	533.564	399.315	591.235	658.86	360.897	572.693	387.522	540.858	490.865	80.1226	571.036	615.586	603.176	567.069	354.612	587.438	326.794	514.471	196.886	63.4468	501.876	292.139	428.915	665.116	624.738	718.839	594.619	285.76	262.6	551.53	844.439	435.306	348.203	700.78	450.61	
0	852.293	762.696	359.001	68.3126	317.589	69.7782	799.592	429.642	221.294	679.825	454.952	384.914	209.795	261.194	133.848	403.085	606.282	487.43	537.569	300.37	696.031	143.644	475.088	365.618	64.6307	178.732	595.079	547.337	125.199	474.768	545.114	372.461	126.144	524.79	78.4482	110.346	646.715	214.213	522.16	340.751	430.976	527.92	365.654	388.303	495.386	170.792	423.233	586.081	319.768	449.855	293.2	307.293	398.456	272.749	409.076	210.612	545.897	215.09	597.74	606.17	156.878	96.2433	423.968	40.3255	533.564	399.315	591.235	658.86	360.897	572.693	387.522	540.858	490.865	80.1226	571.036	615.586	603.176	567.069	354.612	587.438	326.794	514.471	196.886	63.4468	501.876	292.139	428.915	665.116	624.738	718.839	594.619	285.76	262.6	551.53	844.439	435.306	348.203	700.78	450.61	
0	852.293	762.696	359.001	68.3126	317.589	69.7782	799.592	429.642	221.294	679.825	454.952	384.914	209.795	261.194	133.848	403.085	606.282	487.43	537.569	300.37	696.031	143.644	475.088	365.618	64.6307	178.732	595.079	547.337	125.199	474.768	545.114	372.461	126.144	524.79	78.4482	110.346	646.715	214.213	522.16	340.751	430.976	527.92	365.654	388.303	495.386	170.792	423.233	586.081	319.768	449.855	293.2	307.293	398.456	272.749	409.076	210.612	545.897	215.09	597.74	606.17	156.878	96.2433	423.968	40.3255	533.564	399.315	591.235	658.86	360.897	572.693	387.522	540.858	490.865	80.1226	571.036	615.586	603.176	567.069	354.612	587.438	326.794	514.471	196.886	63.4468	501.876	292.139	428.915	665.116	624.738	718.839	594.619	285.76	262.6	551.53	844.439	435.306	348.203	700.78	450.61	
0	852.293	762.696	359.001	68.3126	317.589	69.7782	799.592	429.642	221.294	679.825	454.952	384.914	209.795	261.194	133.848	403.085	606.282	487.43	537.569	300.37	696.031	143.644	475.088	365.618	64.6307	178.732	595.079	547.337	125.199	474.768	545.114	372.461	126.144	524.79	78.4482	110.346	646.715	214.213	522.16	340.751	430.976	527.92	365.654	388.303	495.386	170.792	423.233	586.081	319.768	449.855	293.2	307.293	398.456	272.749	409.076	210.612	545.897	215.09	597.74	606.17	156.878	96.2433	423.968	40.3255	533.564	399.315	591.235	658.86	360.897	572.693	387.522	540.858	490.865	80.1226	571.036	615.586	603.176	567.069	354.612	587.438	326.794	514.471	196.886	63.4468	501.876	292.139	428.915	665.116	624.738	718.839	594.619	285.76	262.6	551.53	844.439	435.306	348.203	700.78	450.61	
0	852.293	762.696	359.001	68.3126	317.589	69.7782	799.592	429.642	221.294	679.825	454.952	384.914	209.795	261.194	133.848	403.085	606.282	487.43	537.569	300.37	696.031	143.644	475.088	365.618	64.6307	178.732	595.079	547.337	125.199	474.768	545.114	372.461	126.144	524.79	78.4482	110.346	646.715	214.213	522.16	340.751	430.976	527.92	365.654	388.303	495.386	170.792	423.233	586.081	319.768	449.855	293.2	307.293	398.456	272.749	409.076	210.612	545.897	215.09	597.74	606.17	156.878	96.2433	423.968	40.3255	533.564	399.315	591.235	658.86	360.897	572.693	387.522	540.858	490.865	80.1226	571.036	615.586	603.176	567.069	354.612	587.438	326.794	514.471	196.886	63.4468	501.876	292.139	428.915	665.116	624.738	718.839	594.619	285.76	262.6	551.53	844.439	435.306	348.203	700.78	450.61	
0	852.293	762.696	359.001	68.3126	317.589	69.7782	799.592	429.642	221.294	679.825	454.952	384.914	209.795	261.194	133.848	403.085	606.282	487.43	537.569	300.37	696.031	143.644	475.088	365.618	64.6307	178.732	595.079	547.337	125.199	474.768	545.114	372.461	126.144	524.79	78.4482	110.346	646.715	214.213	522.16	340.751	430.976	527.92	365.654	388.303	495.386	170.792	423.233	586.081	319.768	449.855	293.2	307.293	398.456	272.749	409.076	210.612	545.897	215.09	597.74	606.17	156.878	96.2433	423.968	40.3255	533.564	399.315	591.235	658.86	360.897	572.693	387.522	540.858	490.865	80.1226	571.036	615.586	603.176	567.069	354.612	587.438	326.794	514.471	196.886	63.4468	501.876	292.139	428.915	665.116	624.738	718.839	594.619	285.76	262.6	551.53	844.439	435.306	348.203	700.78	450.61	
0	852.293	762.696	359.001	68.3126	317.589	69.7782	799.592	429.642	221.294	679.825	454.952	384.914	209.795	261.194	133.848	403.085	606.282	487.43	537.569	300.37	696.031	143.644	475.088	365.618	64.6307	178.732	595.079	547.337	125.199	474.768	545.114	372.461	126.144	524.79	78.4482	110.346	646.715	214.213	522.16	340.751	430.976	527.92	365.654	388.303	495.386	170.792	423.233	586.081	319.768	449.855	293.2	307.293	398.456	272.749	409.076	210.612	545.897	215.09	597.74	606.17	156.878	96.2433	423.968	40.3255	533.564	399.315	591.235	658.86	360.897	572.693	387.522	540.858	490.865	80.1226	571.036	615.586	603.176	567.069	354.612	587.438	326.794	514.471	196.886	63.4468	501.876	292.139	428.915	665.116	624.738	718.839	594.619	285.76	262.6	551.53	844.439	435.306	348.203	700.78	450.61	
0	852.293	762.696	359.001	68.3126	317.589	69.7782	799.592	429.642	221.294	679.825	454.952	384.914	209.795	261.194	133.848	403.085	606.282	487.43	537.569	300.37	696.031	143.644	475.088	365.618	64.6307	178.732	595.079	547.337	125.199	474.768	545.114	372.461	126.144	524.79	78.4482	110.346	646.715	214.213	522.16	340.751	430.976	527.92	365.654	388.303	495.386	170.792	423.233	586.081	319.768	449.855	293.2	307.293	398.456	272.749	409.076	210.612	545.897	215.09	597.74	606.17	156.878	96.2433	423.968	40.3255	533.564	399.315	591.235	658.86	360.897	572.693	387.522	540.858	490.865	80.1226	571.036	615.586	603.176	567.069	354.612	587.438	326.794	514.471	196.886	63.4468	501.876	292.139	428.915	665.116	624.738	718.839	594.619	285.76	262.6	551.53	844.439	435.306	348.203	700.78	450.61	
0	852.293	762.696	359.001	68.3126	317.589	69.7782	799.592	429.642	221.294	679.825	454.952	384.914	209.795	261.194	133.848	403.085	606.282	487.43	537.569	300.37	696.031	143.644	475.088	365.618	64.6307	178.732	595.079	547.337	125.199	474.768	545.114	372.461	126.144	524.79	78.4482	110.346	646.715	214.213	522.16	340.751	430.976	527.92	365.654	388.303	495.386	170.792	423.233	586.081	319.768	449.855	293.2	307.293	398.456	272.749	409.076	210.612	545.897	215.09	597.74	606.17	156.878	96.2433	423.968	40.3255	533.564	399.315	591.235	658.86	360.897	572.693	387.522	540.858	490.865	80.1226	571.036	615.586	603.176	567.069	354.612	587.438	326.794	514.471	196.886	63.4468	501.876	292.139	428.915	665.116	624.738	718.839	594.619	285.76	262.6	551.53	844.439	435.306	348.203	700.78	450.61	
0	852.293	762.696	359.001	68.3126	317.589	69.7782	799.592	429.642	221.294	679.825	454.952	384.914	209.795	261.194	133.848	403.085	606.282	487.43	537.569	300.37	696.031	143.644	475.088	365.618	64.6307	178.732	595.079	547.337	125.199	474.768	545.114	372.461	126.144	524.79	78.4482	110.346	646.715	214.213	522.16	340.751	430.976	527.92	365.654	388.303	495.386	170.792	423.233	586.081	319.768	449.855	293.2	307.293	398.456	272.749	409.076	210.612	545.897	215.09	597.74	606.17	156.878	96.2433	423.968	40.3255	533.564	399.315	591.235	658.86	360.897	572.693	387.522	540.858	490.865	80.1226	571.036	615.586	603.176	567.069	354.612	587.438	326.794	514.471	196.886	63.4468	501.876	292.139	428.915	665.116	624.738	718.839	594.619	285.76	262.6	551.53	844.439	435.306	348.203	700.78	450.61	
0	852.293	762.696	359.001	68.3126	317.589	69.7782	799.592	429.642	221.294	679.825	454.952	384.914	209.795	261.194	133.848	403.085	606.282	487.43	537.569	300.37	696.031	143.644	475.088	365.618	64.6307	178.732	595.079	547.337	125.199	474.768	545.114	372.461	126.144	524.79	78.4482	110.346	646.715	214.213	522.16	340.751	430.976	527.92	365.654	388.303	495.386	170.792	423.233	586.081	319.768	449.855	293.2	307.293	398.456	272.749	409.076	210.612	545.897	215.09	597.74	606.17	156.878	96.2433	423.968	40.3255	533.564	399.315	591.235	658.86	360.897	572.693	387.522	540.858	490.865	80.1226	571.036	615.586	603.176	567.069	354.612	587.438	326.794	514.471	196.886	63.4468	501.876	292.139	428.915	665.116	624.738	718.839	594.619	285.76	262.6	551.53	844.439	435.306	348.203	700.78	450.61	
0	852.293	762.696	359.001	68.3126	317.589	69.7782	799.592	429.642	221.294	679.825	454.952	384.914	209.795	261.194	133.848	403.085	606.282	487.43	537.569	300.37	696.031	143.644	475.088	365.618	64.6307	178.732	595.079	547.337	125.199	474.768	545.114	372.461	126.144	524.79	78.4482	110.346	646.715	214.213	522.16	340.751	430.976	527.92	365.654	388.303	495.386	170.792	423.233	586.081	319.768	449.855	293.2	307.293	398.456	272.749	409.076	210.612	545.897	215.09	597.74	606.17	156.878	96.2433	423.968	40.3255	533.564	399.315	591.235	658.86	360.897	572.693	387.522	540.858	490.865	80.1226	571.036	615.586	603.176	567.069	354.612	587.438	326.794	514.471	196.886	63.4468	501.876	292.139	428.915	665.116	624.738	718.839	594.619	285.76	262.6	551.53	844.439	435.306	348.203	700.78	450.61	
0	852.293	762.696	359.001	68.3126	317.589	69.7782	799.592	429.642	221.294	679.825	454.952	384.914	209.795	261.194	133.848	403.085	606.282	487.43	537.569	300.37	696.031	143.644	475.088	365.618	64.6307	178.732	595.079	547.337	125.199	474.768	545.114	372.461	126.144	524.79	78.4482	110.346	646.715	214.213	522.16	340.751	430.976	527.92	365.654	388.303	495.386	170.792	423.233	586.081	319.768	449.855	293.2	307.293	398.456	272.749	409.076	210.612	545.897	215.09	597.74	606.17	156.878	96.2433	423.968	40.3255	533.564	399.315	591.235	658.86	360.897	572.693	387.522	540.858	490.865	80.1226	571.036	615.586	603.176	567.069	354.612	587.438	326.794	514.471	196.886	63.4468	501.876	292.139	428.915	665.116	624.738	718.839	594.619	285.76	262.6	551.53	844.439	435.306	348.203	700.78	450.61	
0	852.293	762.696	359.001	68.3126	317.589	69.7782	799.592	429.642	221.294	679.825	454.952	384.914	209.795	261.194	133.848	403.085	606.282	487.43	537.569	300.37	696.031	143.644	475.088	365.618	64.6307	178.732	595.079	547.337	125.199	474.768	545.114	372.461	126.144	524.79	78.4482	110.346	646.715	214.213	522.16	340.751	430.976	527.92	365.654	388.303	495.386	170.792	423.233	586.081	319.768	449.855	293.2	307.293	398.456	272.749	409.076	210.612	545.897	215.09	597.74	606.17	156.878	96.2433	423.968	40.3255	533.564	399.315	591.235	658.86	360.897	572.693	387.522	540.858	490.865	80.1226	571.036	615.586	603.176	567.069	354.612	587.438	326.794	514.471	196.886	63.4468	501.876	292.139	428.915	665.116	624.738	718.839	594.619	285.76	262.6	551.53	844.439	435.306	348.203	700.78	450.61	
0	852.293	762.696	359.001	68.3126	317.589	69.7782	799.592	429.642	221.294	679.825	454.952	384.914	209.795	261.194	133.848	403.085	606.282	487.43	537.569	300.37	696.031	143.644	475.088	365.618	64.6307	178.732	595.079	547.337	125.199	474.768	545.114	372.461	126.144	524.79	78.4482	110.346	646.715	214.213	522.16	340.751	430.976	527.92	365.654	388.303	495.386	170.792	423.233	586.081	319.768	449.855	293.2	307.293	398.456	272.749	409.076	210.612	545.897	215.09	597.74	606.17	156.878	96.2433	423.968	40.3255	533.564	399.315	591.235	658.86	360.897	572.693	387.522	540.858	490.865	80.1226	571.036	615.586	603.176	567.069	354.612	587.438	326.794	514.471	196.886	63.4468	501.876	292.139	428.915	665.116	624.738	718.839	594.619	285.76	262.6	551.53	844.439	435.306	348.203	700.78	450.61	
0	852.293	762.696	359.001	68.3126	317.589	69.7782	799.592	429.642	221.294	679.825	454.952	384.914	209.795	261.194	133.848	403.085	606.282	487.43	537.569	300.37	696.031	143.644	475.088	365.618	64.6307	178.732	595.079	547.337	125.199	474.768	545.114	372.461	126.144	524.79	78.4482	110.346	646.715	214.213	522.16	340.751	430.976	527.92	365.654	388.303	495.386	170.792	423.233	586.081	319.768	449.855	293.2	307.293	398.456	272.749	409.076	210.612	545.897	215.09	597.74	606.17	156.878	96.2433	423.968	40.3255	533.564	399.315	591.235	658.86	360.897	572.693	387.522	540.858	490.865	80.1226	571.036	615.586	603.176	567.069	354.612	587.438	326.794	514.471	196.886	63.4468	501.876	292.139	428.915	665.116	624.738	718.839	594.619	285.76	262.6	551.53	844.439	435.306	348.203	700.78	450.61	
0	852.293	762.696	359.001	68.3126	317.589	69.7782	799.592	429.642	221.294	679.825	454.952	384.914	209.795	261.194	133.848	403.085	606.282	487.43	537.569	300.37	696.031	143.644	475.088	365.618	64.6307	178.732	595.079	547.337	125.199	474.768	545.114	372.461	126.144	524.79	78.4482	110.346	646.715	214.213	522.16	340.751	430.976	527.92	365.654	388.303	495.386	170.792	423.233	586.081	319.768	449.855	293.2	307.293	398.456	272.749	409.076	210.612	545.897	215.09	597.74	606.17	156.878	96.2433	423.968	40.3255	533.564	399.315	591.235	658.86	360.897	572.693	387.522	540.858	490.865	80.1226	571.036	615.586	603.176	567.069	354.612	587.438	326.794	514.471	196.886	63.4468	501.876	292.139	428.915	665.116	624.738	718.839	594.619	285.76	262.6	551.53	844.439	435.306	348.203	700.78	450.61	
0	852.293	762.696	359.001	68.3126	317.589	69.7782	799.592	429.642	221.294	679.825	454.952	384.914	209.795	261.194	133.848	403.085	606.282	487.43	537.569	300.37	696.031	143.644	475.088	365.618	64.6307	178.732	595.079	547.337	125.199	474.768	545.114	372.461	126.144	524.79	78.4482	110.346	646.715	214.213	522.16	340.751	430.976	527.92	365.654	388.303	495.386	170.792	423.233	586.081	319.768	449.855	293.2	307.293	398.456	272.749	409.076	210.612	545.897	215.09	597.74	606.17	156.878	96.2433	423.968	40.3255	533.564	399.315	591.235	658.86	360.897	572.693	387.522	540.858	490.865	80.1226	571.036	615.586	603.176	567.069	354.612	587.438	326.794	514.471	196.886	63.4468	501.876	292.139	428.915	665.116	624.738	718.839	594.619	285.76	262.6	551.53	844.439	435.306	348.203	700.78	450.61	
0	852.293	762.696	359.001	68.3126	317.589	69.7782	799.592	429.642	221.294	679.825	454.952	384.914	209.795	261.194	133.848	403.085	606.282	487.43	537.569	300.37	696.031	143.644	475.088	365.618	64.6307	178.732	595.079	547.337	125.199	474.768	545.114	372.461	126.144	524.79	78.4482	110.346	646.715	214.213	522.16	340.751	430.976	527.92	365.654	388.303	495.386	170.792	423.233	586.081	319.768	449.855	293.2	307.293	398.456	272.749	409.076	210.612	545.897	215.09	597.74	606.17	156.878	96.2433	423.968	40.3255	533.564	399.315	591.235	658.86	360.897	572.693	387.522	540.858	490.865	80.1226	571.036	615.586	603.176	567.069	354.612	587.438	326.794	514.471	196.886	63.4468	501.876	292.139	428.915	665.116	624.738	718.839	594.619	285.76	262.6	551.53	844.439	435.306	348.203	700.78	450.61	
0	852.293	762.696	359.001	68.3126	317.589	69.7782	799.592	429.642	221.294	679.825	454.952	384.914	209.795	261.194	133.848	403.085	606.282	487.43	537.569	300.37	696.031	143.644	475.088	365.618	64.6307	178.732	595.079	547.337	125.199	474.768	545.114	372.461	126.144	524.79	78.4482	110.346	646.715	214.213	522.16	340.751	430.976	527.92	365.654	388.303	495.386	170.792	423.233	586.081	319.768	449.855	293.2	307.293	398.456	272.749	409.076	210.612	545.897	215.09	597.74	606.17	156.878	96.2433	423.968	40.3255	533.564	399.315	591.235	658.86	360.897	572.693	387.522	540.858	490.865	80.1226	571.036	615.586	603.176	567.069	354.612	587.438	326.794	514.471	196.886	63.4468	501.876	292.139	428.915	665.116	624.738	718.839	594.619	285.76	262.6	551.53	844.439	435.306	348.203	700.78	450.61	
0	852.293	762.696	359.001	68.3126	317.589	69.7782	799.592	429.642	221.294	679.825	454.952	384.914	209.795	261.194	133.848	403.085	606.282	487.43	537.569	300.37	696.031	143.644	475.088	365.618	64.6307	178.732	595.079	547.337	125.199	474.768	545.114	372.461	126.144	524.79	78.4482	110.346	646.715	214.213	522.16	340.751	430.976	527.92	365.654	388.303	495.386	170.792	423.233	586.081	319.768	449.855	293.2	307.293	398.456	272.749	409.076	210.612	545.897	215.09	597.74	606.17	156.878	96.2433	423.968	40.3255	533.564	399.315	591.235	658.86	360.897	572.693	387.522	540.858	490.865	80.1226	571.036	615.586	603.176	567.069	354.612	587.438	326.794	514.471	196.886	63.4468	501.876	292.139	428.915	665.116	624.738	718.839	594.619	285.76	262.6	551.53	844.439	435.306	348.203	700.78	450.61	
0	852.293	762.696	359.001	68.3126	317.589	69.7782	799.592	429.642	221.294	679.825	454.952	384.914	209.795	261.194	133.848	403.085	606.282	487.43	537.569	300.37	696.031	143.644	475.088	365.618	64.6307	178.732	595.079	547.337	125.199	474.768	545.114	372.461	126.144	524.79	78.4482	110.346	646.715	214.213	522.16	340.751	430.976	527.92	365.654	388.303	495.386	170.792	423.233	586.081	319.768	449.855	293.2	307.293	398.456	272.749	409.076	210.612	545.897	215.09	597.74	606.17	156.878	96.2433	423.968	40.3255	533.564	399.315	591.235	658.86	360.897	572.693	387.522	540.858	490.865	80.1226	571.036	615.586	603.176	567.069	354.612	587.438	326.794	514.471	196.886	63.4468	501.876	292.139	428.915	665.116	624.738	718.839	594.619	285.76	262.6	551.53	844.439	435.306	348.203	700.78	450.61	
0	852.293	762.696	359.001	68.3126	317.589	69.7782	799.592	429.642	221.294	679.825	454.952	384.914	209.795	261.194	133.848	403.085	606.282	487.43	537.569	300.37	696.031	143.644	475.088	365.618	64.6307	178.732	595.079	547.337	125.199	474.768	545.114	372.461	126.144	524.79	78.4482	110.346	646.715	214.213	522.16	340.751	430.976	527.92	365.654	388.303	495.386	170.792	423.233	586.081	319.768	449.855	293.2	307.293	398.456	272.749	409.076	210.612	545.897	215.09	597.74	606.17	156.878	96.2433	423.968	40.3255	533.564	399.315	591.235	658.86	360.897	572.693	387.522	540.858	490.865	80.1226	571.036	615.586	603.176	567.069	354.612	587.438	326.794	514.471	196.886	63.4468	501.876	292.139	428.915	665.116	624.738	718.839	594.619	285.76	262.6	551.53	844.439	435.306	348.203	700.78	450.61	
0	852.293	762.696	359.001	68.3126	317.589	69.7782	799.592	429.642	221.294	679.825	454.952	384.914	209.795	261.194	133.848	403.085	606.282	487.43	537.569	300.37	696.031	143.644	475.088	365.618	64.6307	178.732	595.079	547.337	125.199	474.768	545.114	372.461	126.144	524.79	78.4482	110.346	646.715	214.213	522.16	340.751	430.976	527.92	365.654	388.303	495.386	170.792	423.233	586.081	319.768	449.855	293.2	307.293	398.456	272.749	409.076	210.612	545.897	215.09	597.74	606.17	156.878	96.2433	423.968	40.3255	533.564	399.315	591.235	658.86	360.897	572.693	387.522	540.858	490.865	80.1226	571.036	615.586	603.176	567.069	354.612	587.438	326.794	514.471	196.886	63.4468	501.876	292.139	428.915	665.116	624.738	718.839	594.619	285.76	262.6	551.53	844.439	435.306	348.203	700.78	450.61	
0	852.293	762.696	359.001	68.3126	317.589	69.7782	799.592	429.642	221.294	679.825	454.952	384.914	209.795	261.194	133.848	403.085	606.282	487.43	537.569	300.37	696.031	143.644	475.088	365.618	64.6307	178.732	595.079	547.337	125.199	474.768	545.114	372.461	126.144	524.79	78.4482	110.346	646.715	214.213	522.16	340.751	430.976	527.92	365.654	388.303	495.386	170.792	423.233	586.081	319.768	449.855	293.2	307.293	398.456	272.749	409.076	210.612	545.897	215.09	597.74	606.17	156.878	96.2433	423.968	40.3255	533.564	399.315	591.235	658.86	360.897	572.693	387.522	540.858	490.865	80.1226	571.036	615.586	603.176	567.069	354.612	587.438	326.794	514.471	196.886	63.4468	501.876	292.139	428.915	665.116	624.738	718.839	594.619	285.76	262.6	551.53	844.439	435.306	348.203	700.78	450.61	
0	852.293	762.696	359.001	68.3126	317.589	69.7782	799.592	429.642	221.294	679.825	454.952	384.914	209.795	261.194	133.848	403.085	606.282	487.43	537.569	300.37	696.031	143.644	475.088	365.618	64.6307	178.732	595.079	547.337	125.199	474.768	545.114	372.461	126.144	524.79	78.4482	110.346	646.715	214.213	522.16	340.751	430.976	527.92	365.654	388.303	495.386	170.792	423.233	586.081	319.768	449.855	293.2	307.293	398.456	272.749	409.076	210.612	545.897	215.09	597.74	606.17	156.878	96.2433	423.968	40.3255	533.564	399.315	591.235	658.86	360.897	572.693	387.522	540.858	490.865	80.1226	571.036	615.586	603.176	567.069	354.612	587.438	326.794	514.471	196.886	63.4468	501.876	292.139	428.915	665.116	624.738	718.839	594.619	285.76	262.6	551.53	844.439	435.306	348.203	700.78	450.61	
0	852.293	762.696	359.001	68.3126	317.589	69.7782	799.592	429.642	221.294	679.825	454.952	384.914	209.795	261.194	133.848	403.085	606.282	487.43	537.569	300.37	696.031	143.644	475.088	365.618	64.6307	178.732	595.079	547.337	125.199	474.768	545.114	372.461	126.144	524.79	78.4482	110.346	646.715	214.213	522.16	340.751	430.976	527.92	365.654	388.303	495.386	170.792	423.233	586.081	319.768	449.855	293.2	307.293	398.456	272.749	409.076	210.612	545.897	215.09	597.74	606.17	156.878	96.2433	423.968	40.3255	533.564	399.315	591.235	658.86	360.897	572.693	387.522	540.858	490.865	80.1226	571.036	615.586	603.176	567.069	354.612	587.438	326.794	514.471	196.886	63.4468	501.876	292.139	428.915	665.116	624.738	718.839	594.619	285.76	262.6	551.53	844.439	435.306	348.203	700.78	450.61	